matriz 20x25
[1, 0, 0, 0, 0, 0, 0, 0, 0, 1, 0, 0, 0, 0, 0, 0, 0, 1, 0, 0, 0, 0, 0, 0, 0]
[0, 0, 0, 1, 0, 0, 0, 0, 1, 0, 0, 0, 0, 0, 0, 0, 0, 0, 0, 0, 0, 0, 0, 0, 1]
[0, 0, 0, 0, 0, 1, 1, 0, 0, 0, 0, 0, 0, 0, 1, 0, 0, 0, 0, 0, 1, 0, 0, 0, 0]
[0, 0, 1, 0, 0, 0, 0, 0, 0, 0, 0, 1, 0, 0, 0, 0, 1, 1, 0, 0, 1, 0, 0, 0, 0]
[0, 0, 0, 0, 1, 0, 0, 0, 0, 0, 0, 0, 0, 0, 0, 0, 1, 0, 0, 0, 0, 0, 0, 0, 0]
[0, 0, 0, 1, 0, 0, 0, 1, 0, 0, 0, 0, 0, 0, 0, 0, 0, 1, 0, 0, 0, 1, 0, 0, 0]
[0, 0, 0, 0, 0, 0, 0, 0, 0, 0, 0, 0, 0, 0, 0, 0, 0, 0, 1, 0, 1, 0, 0, 0, 0]
[0, 1, 0, 0, 0, 0, 0, 0, 0, 0, 0, 0, 1, 1, 0, 0, 0, 0, 0, 1, 0, 1, 0, 0, 0]
[0, 0, 0, 1, 0, 0, 0, 0, 0, 0, 1, 1, 0, 0, 0, 0, 0, 0, 0, 1, 0, 0, 0, 0, 1]
[0, 0, 0, 0, 0, 0, 0, 0, 1, 0, 0, 0, 0, 0, 1, 0, 1, 0, 0, 0, 0, 0, 0, 1, 0]
[0, 0, 0, 1, 0, 0, 0, 0, 0, 0, 0, 0, 1, 0, 0, 0, 0, 0, 1, 1, 0, 0, 1, 0, 0]
[0, 0, 0, 0, 0, 0, 0, 0, 0, 1, 0, 0, 1, 0, 0, 0, 0, 0, 0, 0, 0, 0, 0, 1, 0]
[0, 0, 0, 0, 0, 0, 1, 0, 0, 0, 0, 0, 0, 1, 1, 1, 0, 1, 0, 0, 0, 0, 0, 0, 0]
[0, 0, 0, 0, 0, 1, 0, 0, 0, 0, 0, 0, 0, 0, 0, 0, 0, 0, 0, 0, 0, 1, 0, 0, 0]
[1, 0, 0, 0, 1, 0, 1, 0, 0, 0, 0, 0, 0, 0, 0, 0, 0, 0, 0, 0, 1, 0, 0, 0, 0]
[0, 0, 0, 0, 1, 0, 0, 0, 0, 0, 0, 0, 0, 0, 0, 0, 0, 0, 1, 0, 0, 0, 0, 1, 0]
[0, 0, 0, 0, 0, 0, 1, 0, 1, 0, 0, 0, 0, 0, 0, 0, 0, 0, 0, 0, 0, 0, 0, 0, 0]
[0, 1, 0, 0, 0, 0, 0, 0, 0, 0, 0, 0, 0, 0, 1, 0, 0, 0, 0, 0, 0, 0, 0, 0, 0]
[0, 0, 0, 0, 1, 0, 0, 1, 0, 0, 0, 0, 1, 1, 0, 0, 0, 0, 1, 0, 0, 0, 0, 0, 0]
[0, 0, 0, 0, 0, 0, 0, 0, 1, 0, 0, 0, 0, 0, 1, 1, 0, 0, 0, 0, 0, 0, 0, 0, 0]
Academic license - for non-commercial use only
Changed value of parameter timeLimit to 3600.0
   Prev: 1e+100  Min: 0.0  Max: 1e+100  Default: 1e+100
Optimize a model with 11510 rows, 1400 columns and 16095 nonzeros
Variable types: 0 continuous, 1400 integer (1400 binary)
Coefficient statistics:
  Matrix range     [1e+00, 1e+00]
  Objective range  [1e+00, 1e+00]
  Bounds range     [1e+00, 1e+00]
  RHS range        [1e+00, 1e+01]
Found heuristic solution: objective 90
Presolve removed 9525 rows and 25 columns
Presolve time: 0.02s
Presolved: 1985 rows, 1375 columns, 6545 nonzeros
Variable types: 0 continuous, 1375 integer (1375 binary)

Root relaxation: objective -6.450000e+00, 4731 iterations, 0.50 seconds

    Nodes    |    Current Node    |     Objective Bounds      |     Work
 Expl Unexpl |  Obj  Depth IntInf | Incumbent    BestBd   Gap | It/Node Time

     0     0   -6.45000    0  900   90.00000   -6.45000   107%     -    0s
H    0     0                      48.0000000   -6.45000   113%     -    0s
H    0     0                      36.0000000   -6.45000   118%     -    0s
H    0     0                      35.0000000   -6.45000   118%     -    0s
H    0     0                      34.0000000   -6.45000   119%     -    0s
H    0     0                      33.0000000   -6.45000   120%     -    0s
     0     0   -0.45455    0  741   33.00000   -0.45455   101%     -    0s
     0     0   -0.45455    0  742   33.00000   -0.45455   101%     -    0s
     0     0   10.65000    0  622   33.00000   10.65000  67.7%     -    0s
H    0     0                      32.0000000   10.65000  66.7%     -    0s
     0     0   15.00000    0  521   32.00000   15.00000  53.1%     -    1s
     0     0   15.00000    0  490   32.00000   15.00000  53.1%     -    1s
     0     0   15.00000    0  513   32.00000   15.00000  53.1%     -    1s
     0     0   15.00000    0  505   32.00000   15.00000  53.1%     -    1s
     0     0   15.00000    0  236   32.00000   15.00000  53.1%     -    1s
H    0     0                      31.0000000   15.00000  51.6%     -    1s
     0     0   15.00000    0  270   31.00000   15.00000  51.6%     -    1s
     0     0   15.00000    0  270   31.00000   15.00000  51.6%     -    2s
H    0     0                      24.0000000   15.00000  37.5%     -    2s
H    0     2                      22.0000000   15.00000  31.8%     -    2s
     0     2   15.00000    0  187   22.00000   15.00000  31.8%     -    2s
H  428   396                      21.0000000   15.00000  28.6%   126    4s
H  592   476                      19.0000000   15.00000  21.1%   113    4s
   597   495     cutoff  115        19.00000   15.00000  21.1%   114    5s
  1047   900   15.00000   22  900   19.00000   15.00000  21.1%   109   10s
  1058   908   17.35746   99  292   19.00000   15.00000  21.1%   108   15s
  1073   923   15.00000   13  170   19.00000   15.00000  21.1%   160   21s
  1394  1137   15.00000   54  215   19.00000   15.00000  21.1%   159   25s
H 1563  1199                      18.0000000   15.00000  16.7%   159   25s
H 1717  1217                      17.0000000   15.00000  11.8%   162   26s
  2225  1376   15.00000   93  260   17.00000   15.00000  11.8%   151   30s
  3235  1829     cutoff   97        17.00000   15.00000  11.8%   135   36s
  4423  2637   15.21825   74  252   17.00000   15.00000  11.8%   123   40s
  6252  3849     cutoff   99        17.00000   15.00000  11.8%   119   45s
  7517  4675   15.01266   71  251   17.00000   15.00000  11.8%   120   50s
H 7897  1646                      16.0000000   15.00000  6.25%   121   52s
  7948  1652   15.00000   82  317   16.00000   15.00000  6.25%   121   55s
  7958  1659   15.00000   57  319   16.00000   15.00000  6.25%   121   60s
  7967  1668   15.00000   23  329   16.00000   15.00000  6.25%   129   65s
  7977  1677   15.00000   25  313   16.00000   15.00000  6.25%   129   70s
  8091  1737   15.00000   39  300   16.00000   15.00000  6.25%   129   75s
  9747  2163   15.00000   77  246   16.00000   15.00000  6.25%   128   82s
 10061  2148 infeasible  105        16.00000   15.00000  6.25%   128   85s
 10428  2132 infeasible  106        16.00000   15.00000  6.25%   128   90s
 11067  2057   15.00000   67  289   16.00000   15.00000  6.25%   129   95s
 12142  1931   15.00000   98  249   16.00000   15.00000  6.25%   131  104s
 12402  1872   15.00000   76  320   16.00000   15.00000  6.25%   131  105s
 13735  1947 infeasible   75        16.00000   15.00000  6.25%   132  110s
 15226  2355 infeasible   76        16.00000   15.00000  6.25%   133  116s
 16595  2943   15.00000   78  197   16.00000   15.00000  6.25%   132  121s
 17241  2968 infeasible   66        16.00000   15.00000  6.25%   132  125s
 18307  3018 infeasible   86        16.00000   15.00000  6.25%   133  130s
 19241  3300   15.00000   67  249   16.00000   15.00000  6.25%   133  136s
 20258  3634   15.00000   60  213   16.00000   15.00000  6.25%   133  140s
 20864  3927   15.00000   69  270   16.00000   15.00000  6.25%   133  149s
 20866  3928   15.00000   92  863   16.00000   15.00000  6.25%   133  150s
 20871  3932   15.00000   73  318   16.00000   15.00000  6.25%   133  155s
 20875  3934   15.00000   55  264   16.00000   15.00000  6.25%   133  161s
 20880  3938   15.00000   56  232   16.00000   15.00000  6.25%   133  165s
 20885  3941   15.00000   49  244   16.00000   15.00000  6.25%   133  170s
 20889  3944   15.00000   57  264   16.00000   15.00000  6.25%   133  175s
 20893  3946   15.00000   75  190   16.00000   15.00000  6.25%   133  180s
 20897  3949   15.00000   76  306   16.00000   15.00000  6.25%   133  186s
 20902  3957   15.00000   38  282   16.00000   15.00000  6.25%   137  190s
 20918  3968   15.00000   40  272   16.00000   15.00000  6.25%   137  195s
 20976  3998   15.00000   49  264   16.00000   15.00000  6.25%   138  202s
 21138  4089   15.00000   71  303   16.00000   15.00000  6.25%   138  205s
 22540  4240   15.00000   78  150   16.00000   15.00000  6.25%   139  210s
 23675  4036   15.00000   85  150   16.00000   15.00000  6.25%   139  215s
 24670  3810   15.00000   89  208   16.00000   15.00000  6.25%   138  220s
 26588  3294 infeasible   79        16.00000   15.00000  6.25%   134  225s
 28217  2849   15.00000   77   73   16.00000   15.00000  6.25%   133  230s
 29401  2358   15.00000   72  182   16.00000   15.00000  6.25%   134  236s
 30175  2158   15.00000   69  117   16.00000   15.00000  6.25%   134  240s
 32049  1521   15.00000   93   78   16.00000   15.00000  6.25%   134  246s
 33129  1528   15.00000  103   86   16.00000   15.00000  6.25%   136  251s
 34395  1905   15.00000  107  167   16.00000   15.00000  6.25%   136  255s
 36000  2032   15.00000   79  203   16.00000   15.00000  6.25%   136  260s
 37855  2798   15.00000   90   94   16.00000   15.00000  6.25%   135  265s
 40073  2968 infeasible  112        16.00000   15.00000  6.25%   133  270s
 41528  2850 infeasible   88        16.00000   15.00000  6.25%   133  275s
 42693  2927 infeasible  102        16.00000   15.00000  6.25%   135  280s
 43617  2927 infeasible   86        16.00000   15.00000  6.25%   136  285s
 44597  3130 infeasible  105        16.00000   15.00000  6.25%   137  290s
 46266  3431   15.00000  104  127   16.00000   15.00000  6.25%   137  295s
 47631  3641 infeasible   90        16.00000   15.00000  6.25%   137  300s
 48986  3792 infeasible   92        16.00000   15.00000  6.25%   137  305s
 50511  4017   15.00000   64  148   16.00000   15.00000  6.25%   138  311s
 51266  4114   15.00000   68  187   16.00000   15.00000  6.25%   139  315s
 52444  4242   15.00000   76  136   16.00000   15.00000  6.25%   141  320s
 53525  4206   15.00000   97  115   16.00000   15.00000  6.25%   142  327s
 54049  4228 infeasible  114        16.00000   15.00000  6.25%   143  330s
 54935  4297 infeasible   98        16.00000   15.00000  6.25%   144  335s
 55651  4428   15.00000   98  183   16.00000   15.00000  6.25%   145  340s
 57203  4774 infeasible   94        16.00000   15.00000  6.25%   146  346s
 58177  4797   15.00000   96  156   16.00000   15.00000  6.25%   147  351s
 58624  4798   15.00000  103  125   16.00000   15.00000  6.25%   148  355s
 59649  4739 infeasible  110        16.00000   15.00000  6.25%   149  360s
 60205  4879 infeasible  100        16.00000   15.00000  6.25%   150  365s
 61445  5147 infeasible   95        16.00000   15.00000  6.25%   150  371s
 62055  5261 infeasible  120        16.00000   15.00000  6.25%   151  376s
 63049  5210 infeasible   99        16.00000   15.00000  6.25%   153  382s
 63543  5082 infeasible  105        16.00000   15.00000  6.25%   154  386s
 64099  5116 infeasible  107        16.00000   15.00000  6.25%   155  390s
 64841  5114 infeasible  107        16.00000   15.00000  6.25%   156  395s
 65778  5099   15.00000  101  140   16.00000   15.00000  6.25%   157  400s
 66647  5254 infeasible   85        16.00000   15.00000  6.25%   158  405s
 67422  5202 infeasible  102        16.00000   15.00000  6.25%   159  410s
 68258  5279 infeasible  119        16.00000   15.00000  6.25%   160  416s
 68958  5331 infeasible   89        16.00000   15.00000  6.25%   161  420s
 69918  5359   15.00000   83  128   16.00000   15.00000  6.25%   162  426s
 70462  5333   15.00000  103  150   16.00000   15.00000  6.25%   163  430s
 71014  5348   15.00000   88  169   16.00000   15.00000  6.25%   164  435s
 71959  5384 infeasible   99        16.00000   15.00000  6.25%   165  440s
 73010  5520 infeasible   90        16.00000   15.00000  6.25%   166  447s
 73861  5516 infeasible   90        16.00000   15.00000  6.25%   166  451s
 74689  5438 infeasible  107        16.00000   15.00000  6.25%   166  455s
 75187  5424 infeasible   84        16.00000   15.00000  6.25%   167  460s
 76100  5536 infeasible   98        16.00000   15.00000  6.25%   168  466s
 76779  5510 infeasible   96        16.00000   15.00000  6.25%   169  471s
 77099  5567 infeasible   96        16.00000   15.00000  6.25%   170  475s
 77855  5554 infeasible   99        16.00000   15.00000  6.25%   171  481s
 78343  5561 infeasible   78        16.00000   15.00000  6.25%   171  487s
 79004  5704   15.00000   84  179   16.00000   15.00000  6.25%   172  491s
 79539  5703 infeasible   94        16.00000   15.00000  6.25%   173  496s
 80033  5720 infeasible   93        16.00000   15.00000  6.25%   174  500s
 80704  5815 infeasible   91        16.00000   15.00000  6.25%   174  505s
 81398  5898 infeasible   88        16.00000   15.00000  6.25%   175  510s
 82466  5845 infeasible  109        16.00000   15.00000  6.25%   175  516s
 83224  5970   15.00000   88   95   16.00000   15.00000  6.25%   175  520s
 83901  5927 infeasible   96        16.00000   15.00000  6.25%   176  526s
 84477  5799 infeasible   66        16.00000   15.00000  6.25%   177  530s
 85080  5571 infeasible   91        16.00000   15.00000  6.25%   178  537s
 85404  5450 infeasible   92        16.00000   15.00000  6.25%   178  540s
 86177  5446 infeasible  102        16.00000   15.00000  6.25%   179  545s
 87036  5464 infeasible  110        16.00000   15.00000  6.25%   179  550s
 87928  5489 infeasible  101        16.00000   15.00000  6.25%   179  556s
 88768  5497 infeasible   84        16.00000   15.00000  6.25%   179  560s
 89599  5527 infeasible   84        16.00000   15.00000  6.25%   180  566s
 90414  5479 infeasible   78        16.00000   15.00000  6.25%   181  571s
 91146  5575   15.00000  115  130   16.00000   15.00000  6.25%   181  575s
 92471  5582 infeasible   95        16.00000   15.00000  6.25%   180  581s
 93398  5686   15.00000   88   93   16.00000   15.00000  6.25%   180  585s
 95344  5687   15.00000   92  163   16.00000   15.00000  6.25%   179  590s
 96382  5706 infeasible  104        16.00000   15.00000  6.25%   179  595s
 97383  5671 infeasible   91        16.00000   15.00000  6.25%   179  601s
 98115  5731 infeasible   80        16.00000   15.00000  6.25%   180  606s
 98624  5769 infeasible   86        16.00000   15.00000  6.25%   180  610s
 99250  5716 infeasible   85        16.00000   15.00000  6.25%   181  616s
 99739  5576   15.00000   89  148   16.00000   15.00000  6.25%   182  621s
 100230  5442 infeasible  103        16.00000   15.00000  6.25%   183  625s
 100817  5424 infeasible   86        16.00000   15.00000  6.25%   184  631s
 101402  5410 infeasible   92        16.00000   15.00000  6.25%   184  635s
 102117  5351 infeasible   66        16.00000   15.00000  6.25%   185  641s
 102967  5331 infeasible   87        16.00000   15.00000  6.25%   185  647s
 103504  5192 infeasible  102        16.00000   15.00000  6.25%   186  650s
 103984  5077 infeasible   77        16.00000   15.00000  6.25%   186  656s
 104590  5159 infeasible   74        16.00000   15.00000  6.25%   186  660s
 106625  5925 infeasible   76        16.00000   15.00000  6.25%   186  667s
 107174  5953   15.00000   91  162   16.00000   15.00000  6.25%   186  670s
 108012  5937 infeasible   79        16.00000   15.00000  6.25%   186  675s
 108962  5944 infeasible   83        16.00000   15.00000  6.25%   186  681s
 110095  6030 infeasible   95        16.00000   15.00000  6.25%   186  686s
 111053  6174   15.00000   93  129   16.00000   15.00000  6.25%   186  690s
 112130  6131   15.00000  102  116   16.00000   15.00000  6.25%   186  696s
 112871  6233 infeasible   80        16.00000   15.00000  6.25%   186  700s
 114350  6447 infeasible  111        16.00000   15.00000  6.25%   186  705s
 115409  6597   15.00000   89   68   16.00000   15.00000  6.25%   186  711s
 116066  6573 infeasible   97        16.00000   15.00000  6.25%   186  715s
 117118  6359 infeasible   87        16.00000   15.00000  6.25%   186  720s
 118074  6404 infeasible  101        16.00000   15.00000  6.25%   186  725s
 118665  6503 infeasible  105        16.00000   15.00000  6.25%   187  731s
 119242  6511 infeasible   99        16.00000   15.00000  6.25%   187  735s
 120195  6448 infeasible   80        16.00000   15.00000  6.25%   188  740s
 120984  6361 infeasible  109        16.00000   15.00000  6.25%   188  746s
 122104  6291 infeasible  118        16.00000   15.00000  6.25%   188  751s
 123129  6417 infeasible   96        16.00000   15.00000  6.25%   188  756s
 123835  6748   15.00000   78  123   16.00000   15.00000  6.25%   188  760s
 124369  6808   15.00000   76  186   16.00000   15.00000  6.25%   188  765s
 125430  6946 infeasible   80        16.00000   15.00000  6.25%   188  771s
 126000  7118 infeasible  118        16.00000   15.00000  6.25%   189  775s
 126690  7266   15.00000  102   73   16.00000   15.00000  6.25%   189  780s
 127922  7557 infeasible   77        16.00000   15.00000  6.25%   189  786s
 129218  7804 infeasible   90        16.00000   15.00000  6.25%   188  790s
 130246  7704 infeasible  107        16.00000   15.00000  6.25%   188  795s
 130988  7633 infeasible   77        16.00000   15.00000  6.25%   188  800s
 131875  7678 infeasible  101        16.00000   15.00000  6.25%   189  806s
 132284  7683 infeasible   81        16.00000   15.00000  6.25%   189  810s
 132861  7927   15.00000  129  173   16.00000   15.00000  6.25%   189  815s
 133475  8148 infeasible   74        16.00000   15.00000  6.25%   190  820s
 134461  8293 infeasible   79        16.00000   15.00000  6.25%   190  826s
 135049  8411   15.00000   89  192   16.00000   15.00000  6.25%   191  831s
 135782  8677 infeasible   96        16.00000   15.00000  6.25%   191  836s
 136426  8743   15.00000  107  152   16.00000   15.00000  6.25%   191  840s
 137274  8664 infeasible   99        16.00000   15.00000  6.25%   192  847s
 138211  8941   15.00000   88  174   16.00000   15.00000  6.25%   192  851s
 139044  8924 infeasible   97        16.00000   15.00000  6.25%   192  856s
 140149  9025   15.00000  117  146   16.00000   15.00000  6.25%   192  861s
 140731  9045 infeasible   97        16.00000   15.00000  6.25%   192  865s
 141848  9216 infeasible  102        16.00000   15.00000  6.25%   192  870s
 142629  9375 infeasible   94        16.00000   15.00000  6.25%   192  875s
 143930  9647   15.00000   99  188   16.00000   15.00000  6.25%   191  880s
 145562  9764 infeasible   86        16.00000   15.00000  6.25%   191  885s
 146587  9736   15.00000   66  161   16.00000   15.00000  6.25%   191  891s
 147316  9835   15.00000   57  213   16.00000   15.00000  6.25%   191  895s
 148284  9909 infeasible   76        16.00000   15.00000  6.25%   191  900s
 148844  9949   15.00000   92   82   16.00000   15.00000  6.25%   191  905s
 149624  9944 infeasible   83        16.00000   15.00000  6.25%   192  911s
 150066  9913 infeasible   89        16.00000   15.00000  6.25%   192  915s
 150745  9855 infeasible   98        16.00000   15.00000  6.25%   193  920s
 151420  9841 infeasible   93        16.00000   15.00000  6.25%   193  925s
 152557 10006   15.00000   57  196   16.00000   15.00000  6.25%   193  932s
 153093 10152 infeasible   81        16.00000   15.00000  6.25%   193  936s
 153724 10286 infeasible   89        16.00000   15.00000  6.25%   193  941s
 154261 10333 infeasible  103        16.00000   15.00000  6.25%   194  945s
 154631 10283   15.00000   99  173   16.00000   15.00000  6.25%   194  951s
 155419 10470 infeasible  104        16.00000   15.00000  6.25%   195  956s
 156265 10517 infeasible   91        16.00000   15.00000  6.25%   195  962s
 156437 10501 infeasible   79        16.00000   15.00000  6.25%   195  965s
 157406 10869   15.00000  110  164   16.00000   15.00000  6.25%   196  970s
 158077 10908 infeasible   98        16.00000   15.00000  6.25%   196  975s
 158667 10965 infeasible   85        16.00000   15.00000  6.25%   196  980s
 159498 11002 infeasible   91        16.00000   15.00000  6.25%   197  986s
 159922 10924 infeasible  102        16.00000   15.00000  6.25%   197  990s
 160535 11021 infeasible   87        16.00000   15.00000  6.25%   198  996s
 161053 11098   15.00000  105  158   16.00000   15.00000  6.25%   198 1004s
 161496 11165   15.00000   77  205   16.00000   15.00000  6.25%   198 1006s
 162105 11157 infeasible  116        16.00000   15.00000  6.25%   199 1011s
 162601 11174   15.00000   84  136   16.00000   15.00000  6.25%   199 1016s
 162932 11083 infeasible   97        16.00000   15.00000  6.25%   199 1020s
 163583 11179 infeasible   94        16.00000   15.00000  6.25%   200 1026s
 163937 11248   15.00000   98  154   16.00000   15.00000  6.25%   200 1030s
 164952 11657 infeasible  101        16.00000   15.00000  6.25%   200 1036s
 165548 11742 infeasible   99        16.00000   15.00000  6.25%   200 1041s
 166171 11863 infeasible   87        16.00000   15.00000  6.25%   201 1047s
 166612 11931   15.00000   79  193   16.00000   15.00000  6.25%   201 1050s
 167492 12094 infeasible  115        16.00000   15.00000  6.25%   201 1056s
 168028 12046 infeasible  110        16.00000   15.00000  6.25%   202 1062s
 168354 11933 infeasible   97        16.00000   15.00000  6.25%   202 1067s
 168882 11940 infeasible  122        16.00000   15.00000  6.25%   202 1072s
 169190 11941 infeasible  117        16.00000   15.00000  6.25%   202 1075s
 169865 12103 infeasible  109        16.00000   15.00000  6.25%   203 1081s
 170404 12151   15.00000   71  185   16.00000   15.00000  6.25%   203 1087s
 170775 12192 infeasible  113        16.00000   15.00000  6.25%   203 1090s
 171670 12206 infeasible  104        16.00000   15.00000  6.25%   204 1098s
 171844 12148 infeasible   89        16.00000   15.00000  6.25%   204 1100s
 172290 12093   15.00000   80  152   16.00000   15.00000  6.25%   204 1105s
 172786 12077 infeasible  112        16.00000   15.00000  6.25%   204 1110s
 174172 12618   15.00000  125  169   16.00000   15.00000  6.25%   204 1117s
 175046 12617 infeasible   85        16.00000   15.00000  6.25%   204 1122s
 176100 12941   15.00000   95  112   16.00000   15.00000  6.25%   204 1127s
 177037 12950 infeasible   98        16.00000   15.00000  6.25%   203 1130s
 178034 13031 infeasible   96        16.00000   15.00000  6.25%   203 1135s
 178839 12994   15.00000   96  108   16.00000   15.00000  6.25%   203 1140s
 179883 12926 infeasible  113        16.00000   15.00000  6.25%   203 1145s
 180735 12965   15.00000   99  177   16.00000   15.00000  6.25%   203 1150s
 182069 12965 infeasible   94        16.00000   15.00000  6.25%   203 1155s
 182875 12800 infeasible   97        16.00000   15.00000  6.25%   203 1160s
 184315 12930 infeasible   91        16.00000   15.00000  6.25%   203 1165s
 185579 12972   15.00000   92   83   16.00000   15.00000  6.25%   202 1171s
 186387 12901 infeasible   89        16.00000   15.00000  6.25%   202 1175s
 187082 12848 infeasible  102        16.00000   15.00000  6.25%   202 1180s
 188457 12954 infeasible   75        16.00000   15.00000  6.25%   202 1185s
 189327 12809 infeasible   91        16.00000   15.00000  6.25%   202 1191s
 190152 12740   15.00000   89  168   16.00000   15.00000  6.25%   202 1195s
 190913 12907   15.00000  103  220   16.00000   15.00000  6.25%   202 1202s
 191354 12748   15.00000   79  167   16.00000   15.00000  6.25%   202 1206s
 192033 12780 infeasible   96        16.00000   15.00000  6.25%   202 1210s
 192763 12741 infeasible  116        16.00000   15.00000  6.25%   202 1215s
 193546 12837 infeasible  100        16.00000   15.00000  6.25%   202 1220s
 194346 13097 infeasible  121        16.00000   15.00000  6.25%   202 1226s
 194808 13105 infeasible  114        16.00000   15.00000  6.25%   203 1230s
 195450 13097 infeasible  104        16.00000   15.00000  6.25%   203 1236s
 195945 13112   15.00000   93  197   16.00000   15.00000  6.25%   203 1240s
 196429 13169 infeasible   98        16.00000   15.00000  6.25%   204 1246s
 197031 13183 infeasible   99        16.00000   15.00000  6.25%   204 1251s
 197439 13144   15.00000   75  211   16.00000   15.00000  6.25%   204 1255s
 198227 13093 infeasible  111        16.00000   15.00000  6.25%   204 1262s
 198940 13138 infeasible   94        16.00000   15.00000  6.25%   204 1266s
 199465 13117 infeasible  106        16.00000   15.00000  6.25%   205 1270s
 200011 13218 infeasible   95        16.00000   15.00000  6.25%   205 1275s
 200559 13305   15.00000  102  166   16.00000   15.00000  6.25%   205 1280s
 201451 13365 infeasible  104        16.00000   15.00000  6.25%   205 1285s
 202431 13459 infeasible   88        16.00000   15.00000  6.25%   205 1290s
 204302 13674 infeasible   94        16.00000   15.00000  6.25%   204 1295s
 205562 13460 infeasible   95        16.00000   15.00000  6.25%   203 1300s
 206462 13404 infeasible   96        16.00000   15.00000  6.25%   203 1306s
 207336 13498 infeasible  118        16.00000   15.00000  6.25%   203 1311s
 207800 13474 infeasible  107        16.00000   15.00000  6.25%   203 1315s
 208418 13557 infeasible  108        16.00000   15.00000  6.25%   202 1320s
 209523 13613 infeasible  112        16.00000   15.00000  6.25%   202 1328s
 209966 13600 infeasible  101        16.00000   15.00000  6.25%   202 1331s
 210739 13779   15.00000   92  198   16.00000   15.00000  6.25%   202 1335s
 211543 13744 infeasible   81        16.00000   15.00000  6.25%   202 1342s
 211936 13695   15.00000   90  165   16.00000   15.00000  6.25%   202 1346s
 212490 13798 infeasible   88        16.00000   15.00000  6.25%   202 1351s
 212964 13780 infeasible   88        16.00000   15.00000  6.25%   203 1355s
 213848 13891   15.00000  101  153   16.00000   15.00000  6.25%   203 1362s
 214094 13899 infeasible   80        16.00000   15.00000  6.25%   203 1365s
 214833 13855 infeasible   92        16.00000   15.00000  6.25%   203 1371s
 215463 13974   15.00000   85  183   16.00000   15.00000  6.25%   203 1376s
 216049 14035 infeasible  102        16.00000   15.00000  6.25%   204 1381s
 216737 14144 infeasible   98        16.00000   15.00000  6.25%   204 1387s
 217294 14127 infeasible   91        16.00000   15.00000  6.25%   204 1392s
 217484 14097 infeasible   79        16.00000   15.00000  6.25%   204 1396s
 218053 14105 infeasible   93        16.00000   15.00000  6.25%   205 1401s
 218576 14068 infeasible   91        16.00000   15.00000  6.25%   205 1405s
 219203 13959 infeasible   99        16.00000   15.00000  6.25%   205 1411s
 219614 13848 infeasible   85        16.00000   15.00000  6.25%   205 1415s
 220119 13821   15.00000  105  138   16.00000   15.00000  6.25%   205 1420s
 220537 13769   15.00000   96  177   16.00000   15.00000  6.25%   206 1425s
 220978 13743 infeasible  112        16.00000   15.00000  6.25%   206 1431s
 221396 13715   15.00000  100  156   16.00000   15.00000  6.25%   206 1435s
 222151 13673 infeasible   85        16.00000   15.00000  6.25%   206 1441s
 222558 13600   15.00000   77  307   16.00000   15.00000  6.25%   207 1446s
 223053 13610   15.00000   98  147   16.00000   15.00000  6.25%   207 1452s
 223616 13631 infeasible   97        16.00000   15.00000  6.25%   207 1456s
 224096 13585 infeasible   95        16.00000   15.00000  6.25%   207 1461s
 225132 13618 infeasible   84        16.00000   15.00000  6.25%   207 1466s
 225648 13578 infeasible  109        16.00000   15.00000  6.25%   207 1470s
 226368 13529 infeasible   92        16.00000   15.00000  6.25%   207 1477s
 226781 13487 infeasible  106        16.00000   15.00000  6.25%   207 1482s
 227110 13547   15.00000   87  190   16.00000   15.00000  6.25%   207 1485s
 228062 13530 infeasible  107        16.00000   15.00000  6.25%   208 1491s
 228543 13533 infeasible   99        16.00000   15.00000  6.25%   208 1497s
 228903 13454 infeasible  107        16.00000   15.00000  6.25%   208 1500s
 229747 13419   15.00000   81  147   16.00000   15.00000  6.25%   208 1506s
 230313 13275 infeasible  110        16.00000   15.00000  6.25%   208 1511s
 230856 13266 infeasible   90        16.00000   15.00000  6.25%   209 1516s
 231464 13280 infeasible   91        16.00000   15.00000  6.25%   209 1522s
 231720 13298 infeasible   90        16.00000   15.00000  6.25%   209 1525s
 232395 13241 infeasible  107        16.00000   15.00000  6.25%   209 1531s
 232886 13210 infeasible   93        16.00000   15.00000  6.25%   209 1536s
 233629 13207 infeasible  108        16.00000   15.00000  6.25%   209 1542s
 234127 13381 infeasible  111        16.00000   15.00000  6.25%   209 1545s
 235074 13555 infeasible  115        16.00000   15.00000  6.25%   209 1551s
 235778 13649 infeasible  102        16.00000   15.00000  6.25%   209 1555s
 236385 13669 infeasible   98        16.00000   15.00000  6.25%   209 1560s
 237013 13715 infeasible  101        16.00000   15.00000  6.25%   209 1566s
 237895 13944   15.00000  103  200   16.00000   15.00000  6.25%   209 1572s
 238597 13996 infeasible   92        16.00000   15.00000  6.25%   209 1575s
 239603 14170   15.00000   91  216   16.00000   15.00000  6.25%   209 1582s
 240582 14348 infeasible   98        16.00000   15.00000  6.25%   209 1586s
 241377 14478 infeasible  120        16.00000   15.00000  6.25%   208 1590s
 242140 14403 infeasible  124        16.00000   15.00000  6.25%   208 1595s
 243300 14445 infeasible  100        16.00000   15.00000  6.25%   208 1600s
 243626 14364 infeasible  101        16.00000   15.00000  6.25%   208 1605s
 245032 14663 infeasible   77        16.00000   15.00000  6.25%   207 1611s
 245736 14775 infeasible  102        16.00000   15.00000  6.25%   207 1615s
 247377 14705 infeasible   90        16.00000   15.00000  6.25%   206 1620s
 247965 14653 infeasible   94        16.00000   15.00000  6.25%   206 1625s
 249911 14829 infeasible  102        16.00000   15.00000  6.25%   205 1630s
 251118 14796 infeasible  113        16.00000   15.00000  6.25%   205 1635s
 252461 14769 infeasible  113        16.00000   15.00000  6.25%   204 1641s
 253619 14797 infeasible  109        16.00000   15.00000  6.25%   204 1645s
 254866 14838   15.00000   82  195   16.00000   15.00000  6.25%   203 1651s
 255733 14859 infeasible  105        16.00000   15.00000  6.25%   203 1655s
 256121 14833 infeasible  105        16.00000   15.00000  6.25%   203 1660s
 257006 14925 infeasible  108        16.00000   15.00000  6.25%   203 1665s
 258283 15147 infeasible   98        16.00000   15.00000  6.25%   203 1670s
 259464 14958 infeasible   96        16.00000   15.00000  6.25%   202 1675s
 260440 14876 infeasible   81        16.00000   15.00000  6.25%   202 1680s
 261651 14912 infeasible   83        16.00000   15.00000  6.25%   202 1685s
 262564 15200 infeasible   88        16.00000   15.00000  6.25%   201 1690s
 263924 15147 infeasible   98        16.00000   15.00000  6.25%   201 1696s
 264661 15162   15.00000   88  116   16.00000   15.00000  6.25%   201 1700s
 265987 15170   15.00000   91   78   16.00000   15.00000  6.25%   200 1706s
 267013 15143 infeasible  103        16.00000   15.00000  6.25%   200 1710s
 268469 15431 infeasible   99        16.00000   15.00000  6.25%   200 1715s
 269289 15475 infeasible  118        16.00000   15.00000  6.25%   199 1720s
 270562 15643 infeasible   98        16.00000   15.00000  6.25%   199 1726s
 271540 15719 infeasible  117        16.00000   15.00000  6.25%   199 1730s
 272907 15756 infeasible   95        16.00000   15.00000  6.25%   198 1735s
 273699 15831 infeasible  103        16.00000   15.00000  6.25%   198 1740s
 275007 15973 infeasible   91        16.00000   15.00000  6.25%   198 1745s
 276283 15969 infeasible  103        16.00000   15.00000  6.25%   197 1750s
 277217 15809   15.00000   94  137   16.00000   15.00000  6.25%   197 1755s
 278214 15803 infeasible   87        16.00000   15.00000  6.25%   197 1760s
 278966 15802 infeasible   83        16.00000   15.00000  6.25%   197 1765s
 280130 15884 infeasible   99        16.00000   15.00000  6.25%   196 1770s
 281401 15828 infeasible   99        16.00000   15.00000  6.25%   196 1775s
 282553 15738 infeasible  108        16.00000   15.00000  6.25%   196 1780s
 283695 15796 infeasible  106        16.00000   15.00000  6.25%   195 1785s
 284738 15678 infeasible   98        16.00000   15.00000  6.25%   195 1790s
 285971 15644 infeasible  123        16.00000   15.00000  6.25%   195 1795s
 286835 15522 infeasible   98        16.00000   15.00000  6.25%   195 1800s
 288001 15552 infeasible   82        16.00000   15.00000  6.25%   194 1806s
 288929 15562 infeasible   93        16.00000   15.00000  6.25%   194 1810s
 290013 15586 infeasible  100        16.00000   15.00000  6.25%   194 1815s
 290881 15504 infeasible  107        16.00000   15.00000  6.25%   194 1820s
 291703 15730 infeasible   77        16.00000   15.00000  6.25%   193 1825s
 292823 15845 infeasible   97        16.00000   15.00000  6.25%   193 1831s
 293208 15866   15.00000   84  222   16.00000   15.00000  6.25%   193 1836s
 294305 15872 infeasible  103        16.00000   15.00000  6.25%   193 1842s
 295160 15874 infeasible   89        16.00000   15.00000  6.25%   193 1845s
 295715 15743   15.00000   94  183   16.00000   15.00000  6.25%   193 1850s
 296528 15774 infeasible  126        16.00000   15.00000  6.25%   193 1856s
 297283 15810 infeasible  100        16.00000   15.00000  6.25%   193 1861s
 298018 15771 infeasible   81        16.00000   15.00000  6.25%   193 1865s
 298565 15675   15.00000   94  221   16.00000   15.00000  6.25%   193 1870s
 299041 15626 infeasible   83        16.00000   15.00000  6.25%   193 1875s
 299822 15675 infeasible   85        16.00000   15.00000  6.25%   193 1880s
 301049 15694 infeasible  125        16.00000   15.00000  6.25%   192 1886s
 301537 15643 infeasible   78        16.00000   15.00000  6.25%   192 1890s
 302035 15606 infeasible   83        16.00000   15.00000  6.25%   192 1895s
 302831 15625 infeasible   79        16.00000   15.00000  6.25%   192 1901s
 303784 15662   15.00000   94  175   16.00000   15.00000  6.25%   192 1906s
 304478 15606   15.00000  114  177   16.00000   15.00000  6.25%   192 1911s
 305206 15806 infeasible   72        16.00000   15.00000  6.25%   192 1915s
 306245 15709 infeasible   84        16.00000   15.00000  6.25%   192 1921s
 307111 15748 infeasible   98        16.00000   15.00000  6.25%   192 1925s
 307951 15734 infeasible   83        16.00000   15.00000  6.25%   192 1932s
 308654 15825 infeasible  104        16.00000   15.00000  6.25%   192 1936s
 309467 15795 infeasible   97        16.00000   15.00000  6.25%   191 1940s
 310264 15820   15.00000   86  154   16.00000   15.00000  6.25%   191 1945s
 311380 15720   15.00000   87  144   16.00000   15.00000  6.25%   191 1952s
 311773 15732   15.00000   96   90   16.00000   15.00000  6.25%   191 1955s
 312871 15842 infeasible   88        16.00000   15.00000  6.25%   191 1961s
 313598 15935   15.00000   96  184   16.00000   15.00000  6.25%   191 1965s
 314431 15967   15.00000   89  172   16.00000   15.00000  6.25%   191 1971s
 315080 15993 infeasible  116        16.00000   15.00000  6.25%   191 1975s
 316089 16184   15.00000   90  169   16.00000   15.00000  6.25%   191 1982s
 316676 16078 infeasible   87        16.00000   15.00000  6.25%   191 1985s
 317368 16173 infeasible   77        16.00000   15.00000  6.25%   191 1990s
 318144 16267   15.00000   92  219   16.00000   15.00000  6.25%   190 1995s
 319557 16430 infeasible   97        16.00000   15.00000  6.25%   190 2000s
 320512 16482 infeasible   96        16.00000   15.00000  6.25%   190 2005s
 321525 16426 infeasible   73        16.00000   15.00000  6.25%   190 2012s
 322085 16435 infeasible  110        16.00000   15.00000  6.25%   190 2015s
 322938 16521 infeasible  105        16.00000   15.00000  6.25%   190 2020s
 324140 16615 infeasible  106        16.00000   15.00000  6.25%   189 2025s
 324921 16612 infeasible  102        16.00000   15.00000  6.25%   189 2031s
 325475 16637 infeasible  107        16.00000   15.00000  6.25%   189 2035s
 326457 16810 infeasible   78        16.00000   15.00000  6.25%   189 2040s
 327702 16874 infeasible   91        16.00000   15.00000  6.25%   189 2045s
 328562 16796 infeasible   90        16.00000   15.00000  6.25%   189 2050s
 329409 16665 infeasible   76        16.00000   15.00000  6.25%   188 2055s
 329942 16543 infeasible   91        16.00000   15.00000  6.25%   188 2061s
 330308 16450 infeasible   81        16.00000   15.00000  6.25%   188 2065s
 331364 16380 infeasible   78        16.00000   15.00000  6.25%   188 2071s
 332051 16317   15.00000   99  165   16.00000   15.00000  6.25%   188 2075s
 332575 16165 infeasible  118        16.00000   15.00000  6.25%   188 2080s
 333171 16095   15.00000   98  151   16.00000   15.00000  6.25%   188 2086s
 333812 16050 infeasible   78        16.00000   15.00000  6.25%   188 2090s
 335202 16048 infeasible   85        16.00000   15.00000  6.25%   188 2095s
 336143 15959 infeasible  104        16.00000   15.00000  6.25%   188 2101s
 336860 16047 infeasible   93        16.00000   15.00000  6.25%   188 2105s
 338070 15935 infeasible   87        16.00000   15.00000  6.25%   187 2110s
 338923 16020   15.00000   88  131   16.00000   15.00000  6.25%   187 2115s
 339783 16026 infeasible  111        16.00000   15.00000  6.25%   187 2120s
 340719 15926   15.00000   72  218   16.00000   15.00000  6.25%   187 2126s
 341855 15937 infeasible   95        16.00000   15.00000  6.25%   187 2131s
 342486 15980 infeasible  120        16.00000   15.00000  6.25%   187 2135s
 343178 15930 infeasible   84        16.00000   15.00000  6.25%   187 2140s
 344116 15983 infeasible   99        16.00000   15.00000  6.25%   186 2145s
 344751 15855 infeasible   83        16.00000   15.00000  6.25%   186 2150s
 345839 16081 infeasible   85        16.00000   15.00000  6.25%   186 2156s
 346949 16070   15.00000   97   86   16.00000   15.00000  6.25%   186 2160s
 347494 16037 infeasible   95        16.00000   15.00000  6.25%   186 2165s
 348542 16150 infeasible   79        16.00000   15.00000  6.25%   186 2170s
 349248 16115 infeasible   95        16.00000   15.00000  6.25%   186 2176s
 350439 16282 infeasible   93        16.00000   15.00000  6.25%   186 2181s
 351250 16209   15.00000  100  170   16.00000   15.00000  6.25%   185 2185s
 352043 16220   15.00000   71  142   16.00000   15.00000  6.25%   185 2190s
 352862 16121 infeasible   71        16.00000   15.00000  6.25%   185 2196s
 353508 16085 infeasible   94        16.00000   15.00000  6.25%   185 2200s
 354357 16123 infeasible   99        16.00000   15.00000  6.25%   185 2205s
 355349 16062 infeasible   89        16.00000   15.00000  6.25%   185 2210s
 356239 16117   15.00000  109  228   16.00000   15.00000  6.25%   185 2216s
 356940 16091 infeasible  104        16.00000   15.00000  6.25%   185 2220s
 357972 16061 infeasible  102        16.00000   15.00000  6.25%   185 2225s
 359256 16531 infeasible  107        16.00000   15.00000  6.25%   184 2231s
 360203 16589 infeasible   95        16.00000   15.00000  6.25%   184 2236s
 360934 16534 infeasible  105        16.00000   15.00000  6.25%   184 2240s
 361938 16439 infeasible   91        16.00000   15.00000  6.25%   184 2245s
 362901 16422 infeasible   81        16.00000   15.00000  6.25%   184 2251s
 363879 16552 infeasible  105        16.00000   15.00000  6.25%   184 2256s
 365056 16586 infeasible  117        16.00000   15.00000  6.25%   184 2262s
 365560 16624 infeasible   95        16.00000   15.00000  6.25%   184 2265s
 367028 16736 infeasible   97        16.00000   15.00000  6.25%   183 2271s
 367718 16722 infeasible  112        16.00000   15.00000  6.25%   183 2275s
 368611 16827   15.00000   97  154   16.00000   15.00000  6.25%   183 2281s
 369333 16754 infeasible  100        16.00000   15.00000  6.25%   183 2285s
 370056 16773   15.00000   79  158   16.00000   15.00000  6.25%   183 2290s
 370892 16840   15.00000   91  205   16.00000   15.00000  6.25%   183 2295s
 371631 16861 infeasible   89        16.00000   15.00000  6.25%   183 2300s
 372779 16873 infeasible   94        16.00000   15.00000  6.25%   183 2305s
 373573 16957 infeasible  110        16.00000   15.00000  6.25%   182 2310s
 374707 16943   15.00000   97  157   16.00000   15.00000  6.25%   182 2315s
 375508 16918 infeasible  112        16.00000   15.00000  6.25%   182 2320s
 376414 16922   15.00000  113  196   16.00000   15.00000  6.25%   182 2326s
 377138 16862 infeasible   96        16.00000   15.00000  6.25%   182 2330s
 377765 16831   15.00000  101  224   16.00000   15.00000  6.25%   182 2335s
 378843 16879 infeasible  103        16.00000   15.00000  6.25%   182 2340s
 379727 16790 infeasible  106        16.00000   15.00000  6.25%   182 2346s
 380854 16959 infeasible   96        16.00000   15.00000  6.25%   182 2351s
 381774 16868 infeasible  106        16.00000   15.00000  6.25%   182 2356s
 382423 16951   15.00000  116  152   16.00000   15.00000  6.25%   182 2360s
 383202 16928 infeasible   99        16.00000   15.00000  6.25%   181 2365s
 384336 16961   15.00000  106  176   16.00000   15.00000  6.25%   181 2371s
 385193 16990 infeasible  110        16.00000   15.00000  6.25%   181 2375s
 386282 17031 infeasible  113        16.00000   15.00000  6.25%   181 2381s
 386964 16975 infeasible   76        16.00000   15.00000  6.25%   181 2385s
 388111 17000 infeasible   94        16.00000   15.00000  6.25%   181 2391s
 388845 16955 infeasible  112        16.00000   15.00000  6.25%   181 2395s
 389551 17037   15.00000   98  134   16.00000   15.00000  6.25%   181 2401s
 390760 17200 infeasible  100        16.00000   15.00000  6.25%   181 2406s
 391705 17197 infeasible  120        16.00000   15.00000  6.25%   180 2410s
 393153 17157 infeasible   92        16.00000   15.00000  6.25%   180 2416s
 393924 17160 infeasible  122        16.00000   15.00000  6.25%   180 2421s
 394741 17238 infeasible   83        16.00000   15.00000  6.25%   180 2426s
 395147 17248 infeasible   85        16.00000   15.00000  6.25%   180 2430s
 396024 17377 infeasible   90        16.00000   15.00000  6.25%   180 2438s
 396437 17337 infeasible  101        16.00000   15.00000  6.25%   180 2440s
 397535 17380 infeasible   99        16.00000   15.00000  6.25%   180 2446s
 397951 17294 infeasible   81        16.00000   15.00000  6.25%   180 2450s
 398622 17281   15.00000  107  175   16.00000   15.00000  6.25%   180 2456s
 399453 17288 infeasible   84        16.00000   15.00000  6.25%   180 2460s
 400589 17522 infeasible   93        16.00000   15.00000  6.25%   180 2465s
 401379 17467 infeasible  103        16.00000   15.00000  6.25%   180 2470s
 402357 17634   15.00000   80  201   16.00000   15.00000  6.25%   180 2476s
 403296 17944 infeasible  124        16.00000   15.00000  6.25%   180 2481s
 404356 17952   15.00000  109  136   16.00000   15.00000  6.25%   179 2485s
 405571 18139   15.00000   94  101   16.00000   15.00000  6.25%   179 2491s
 406387 18087 infeasible  109        16.00000   15.00000  6.25%   179 2496s
 407052 18262 infeasible  116        16.00000   15.00000  6.25%   179 2501s
 407998 18297 infeasible  110        16.00000   15.00000  6.25%   179 2506s
 408330 18381   15.00000  102  164   16.00000   15.00000  6.25%   179 2510s
 409546 18453 infeasible  113        16.00000   15.00000  6.25%   179 2515s
 410497 18484 infeasible  110        16.00000   15.00000  6.25%   179 2520s
 411512 18535   15.00000  109  170   16.00000   15.00000  6.25%   179 2526s
 412252 18642 infeasible  108        16.00000   15.00000  6.25%   179 2530s
 413408 18586 infeasible  106        16.00000   15.00000  6.25%   179 2536s
 414098 18593 infeasible   84        16.00000   15.00000  6.25%   179 2540s
 415209 18617 infeasible  102        16.00000   15.00000  6.25%   178 2545s
 416084 18663 infeasible   97        16.00000   15.00000  6.25%   178 2550s
 417177 18470 infeasible  111        16.00000   15.00000  6.25%   178 2556s
 417883 18551 infeasible  105        16.00000   15.00000  6.25%   178 2561s
 418503 18565 infeasible  110        16.00000   15.00000  6.25%   178 2565s
 419449 18637 infeasible   93        16.00000   15.00000  6.25%   178 2571s
 420491 18597 infeasible  102        16.00000   15.00000  6.25%   178 2575s
 421510 18535   15.00000  116  103   16.00000   15.00000  6.25%   178 2581s
 422108 18525 infeasible   96        16.00000   15.00000  6.25%   178 2585s
 423254 18657 infeasible   96        16.00000   15.00000  6.25%   178 2590s
 424359 18582 infeasible  103        16.00000   15.00000  6.25%   178 2596s
 425095 18691   15.00000  105  185   16.00000   15.00000  6.25%   178 2600s
 425826 18617 infeasible   98        16.00000   15.00000  6.25%   177 2605s
 426359 18591 infeasible  101        16.00000   15.00000  6.25%   177 2611s
 427285 18957   15.00000   95  173   16.00000   15.00000  6.25%   177 2615s
 428576 19147 infeasible   96        16.00000   15.00000  6.25%   177 2620s
 429475 19123 infeasible  112        16.00000   15.00000  6.25%   177 2625s
 429768 19009 infeasible   95        16.00000   15.00000  6.25%   177 2630s
 431252 19359 infeasible  124        16.00000   15.00000  6.25%   177 2636s
 432009 19547   15.00000  111  168   16.00000   15.00000  6.25%   177 2640s
 432976 19525 infeasible  107        16.00000   15.00000  6.25%   177 2646s
 433944 19550 infeasible  114        16.00000   15.00000  6.25%   177 2650s
 434438 19562   15.00000  102  181   16.00000   15.00000  6.25%   177 2655s
 435472 19726 infeasible   91        16.00000   15.00000  6.25%   177 2660s
 436966 19616 infeasible   93        16.00000   15.00000  6.25%   176 2665s
 437850 19659 infeasible   99        16.00000   15.00000  6.25%   176 2671s
 438452 19566 infeasible  104        16.00000   15.00000  6.25%   176 2675s
 439321 19664 infeasible   89        16.00000   15.00000  6.25%   176 2680s
 440575 19631 infeasible   85        16.00000   15.00000  6.25%   176 2686s
 441269 19580 infeasible   81        16.00000   15.00000  6.25%   176 2691s
 441792 19574   15.00000   88  172   16.00000   15.00000  6.25%   176 2695s
 442859 19507 infeasible  106        16.00000   15.00000  6.25%   176 2701s
 443867 19683   15.00000   89  145   16.00000   15.00000  6.25%   176 2706s
 444705 19666 infeasible  106        16.00000   15.00000  6.25%   176 2711s
 445176 19607 infeasible  105        16.00000   15.00000  6.25%   176 2715s
 446104 19656 infeasible  110        16.00000   15.00000  6.25%   176 2720s
 447633 19682 infeasible  102        16.00000   15.00000  6.25%   176 2725s
 448683 19711 infeasible  100        16.00000   15.00000  6.25%   175 2730s
 449627 19658 infeasible   84        16.00000   15.00000  6.25%   175 2735s
 450774 19883 infeasible   74        16.00000   15.00000  6.25%   175 2740s
 451819 19840   15.00000   99  158   16.00000   15.00000  6.25%   175 2745s
 453026 19807 infeasible   98        16.00000   15.00000  6.25%   175 2750s
 454004 19713 infeasible   95        16.00000   15.00000  6.25%   175 2755s
 455242 19800 infeasible   85        16.00000   15.00000  6.25%   175 2760s
 455810 19726   15.00000   82  199   16.00000   15.00000  6.25%   175 2765s
 457130 19861 infeasible   77        16.00000   15.00000  6.25%   174 2771s
 457817 19864 infeasible   89        16.00000   15.00000  6.25%   174 2776s
 458620 19913 infeasible   98        16.00000   15.00000  6.25%   174 2781s
 459087 19919 infeasible   65        16.00000   15.00000  6.25%   174 2785s
 460011 19982 infeasible  119        16.00000   15.00000  6.25%   174 2791s
 460426 19951 infeasible   92        16.00000   15.00000  6.25%   174 2795s
 461328 19869 infeasible   92        16.00000   15.00000  6.25%   174 2802s
 462072 20035 infeasible  103        16.00000   15.00000  6.25%   174 2806s
 462481 20020   15.00000   91  202   16.00000   15.00000  6.25%   174 2811s
 463200 19986   15.00000   96  132   16.00000   15.00000  6.25%   174 2815s
 463639 19934   15.00000   97  175   16.00000   15.00000  6.25%   174 2822s
 464292 20007 infeasible   91        16.00000   15.00000  6.25%   174 2825s
 465110 20036 infeasible   93        16.00000   15.00000  6.25%   174 2831s
 466066 20121 infeasible  108        16.00000   15.00000  6.25%   174 2836s
 466529 20078 infeasible  108        16.00000   15.00000  6.25%   174 2840s
 467217 20175 infeasible   95        16.00000   15.00000  6.25%   174 2845s
 468083 20221   15.00000   88  207   16.00000   15.00000  6.25%   174 2850s
 468948 20283   15.00000   83  135   16.00000   15.00000  6.25%   174 2857s
 469546 20206 infeasible  113        16.00000   15.00000  6.25%   174 2861s
 470470 20541   15.00000   72  224   16.00000   15.00000  6.25%   174 2866s
 471140 20465 infeasible   88        16.00000   15.00000  6.25%   174 2870s
 472363 20410 infeasible   86        16.00000   15.00000  6.25%   174 2876s
 472839 20447 infeasible   86        16.00000   15.00000  6.25%   174 2880s
 473763 20719 infeasible   80        16.00000   15.00000  6.25%   174 2885s
 474656 20683 infeasible   96        16.00000   15.00000  6.25%   174 2890s
 475734 20557 infeasible   97        16.00000   15.00000  6.25%   174 2896s
 476659 20525   15.00000   74  154   16.00000   15.00000  6.25%   174 2901s
 477648 20756 infeasible   98        16.00000   15.00000  6.25%   174 2905s
 478957 20667   15.00000   88  164   16.00000   15.00000  6.25%   173 2910s
 480372 20622 infeasible   90        16.00000   15.00000  6.25%   173 2916s
 481003 20507 infeasible   89        16.00000   15.00000  6.25%   173 2920s
 481964 20785   15.00000   95  176   16.00000   15.00000  6.25%   173 2925s
 482904 20818 infeasible   85        16.00000   15.00000  6.25%   173 2931s
 483533 20804 infeasible  109        16.00000   15.00000  6.25%   173 2936s
 484169 20734 infeasible   97        16.00000   15.00000  6.25%   173 2941s
 485081 21040 infeasible   99        16.00000   15.00000  6.25%   173 2946s
 485764 21090   15.00000  100  107   16.00000   15.00000  6.25%   173 2950s
 486837 20911 infeasible  107        16.00000   15.00000  6.25%   173 2956s
 487834 20773 infeasible   91        16.00000   15.00000  6.25%   173 2960s
 488723 20825 infeasible  109        16.00000   15.00000  6.25%   173 2965s
 490140 20938 infeasible  104        16.00000   15.00000  6.25%   173 2971s
 490484 20828 infeasible  102        16.00000   15.00000  6.25%   173 2975s
 490897 20763   15.00000  108  201   16.00000   15.00000  6.25%   173 2980s
 491642 20689 infeasible   92        16.00000   15.00000  6.25%   173 2985s
 492555 21112   15.00000  101  184   16.00000   15.00000  6.25%   173 2990s
 493639 21207 infeasible   79        16.00000   15.00000  6.25%   173 2995s
 494961 21351 infeasible   91        16.00000   15.00000  6.25%   172 3001s
 495696 21330 infeasible   94        16.00000   15.00000  6.25%   172 3008s
 496330 21370 infeasible  101        16.00000   15.00000  6.25%   172 3011s
 497212 21337 infeasible  102        16.00000   15.00000  6.25%   172 3015s
 498186 21395 infeasible  108        16.00000   15.00000  6.25%   172 3020s
 498609 21355 infeasible  108        16.00000   15.00000  6.25%   172 3025s
 499665 21338 infeasible   90        16.00000   15.00000  6.25%   172 3030s
 500962 21506 infeasible   78        16.00000   15.00000  6.25%   172 3037s
 501699 21473 infeasible   82        16.00000   15.00000  6.25%   172 3040s
 502837 21486 infeasible   96        16.00000   15.00000  6.25%   172 3045s
 503629 21334 infeasible  110        16.00000   15.00000  6.25%   172 3050s
 504381 21252 infeasible   99        16.00000   15.00000  6.25%   172 3055s
 505233 21228 infeasible   92        16.00000   15.00000  6.25%   172 3060s
 506152 21087 infeasible   95        16.00000   15.00000  6.25%   172 3065s
 507049 21225   15.00000  102  115   16.00000   15.00000  6.25%   172 3071s
 507958 21444   15.00000   89  180   16.00000   15.00000  6.25%   172 3075s
 508868 21488 infeasible   85        16.00000   15.00000  6.25%   172 3082s
 509053 21457 infeasible   84        16.00000   15.00000  6.25%   172 3085s
 510169 21473 infeasible   93        16.00000   15.00000  6.25%   172 3090s
 511053 21449 infeasible   98        16.00000   15.00000  6.25%   172 3096s
 511719 21514 infeasible   97        16.00000   15.00000  6.25%   172 3100s
 512652 21603 infeasible   84        16.00000   15.00000  6.25%   172 3106s
 513160 21559 infeasible   83        16.00000   15.00000  6.25%   171 3110s
 514254 21625 infeasible   81        16.00000   15.00000  6.25%   171 3115s
 515163 21696 infeasible   78        16.00000   15.00000  6.25%   171 3120s
 516515 21788 infeasible   94        16.00000   15.00000  6.25%   171 3126s
 517472 21711 infeasible   99        16.00000   15.00000  6.25%   171 3132s
 518163 21678   15.00000   84  165   16.00000   15.00000  6.25%   171 3135s
 518860 21628   15.00000   70  169   16.00000   15.00000  6.25%   171 3140s
 520080 21659 infeasible   94        16.00000   15.00000  6.25%   171 3146s
 520531 21580   15.00000   95  166   16.00000   15.00000  6.25%   171 3150s
 521235 21554 infeasible   86        16.00000   15.00000  6.25%   171 3155s
 522110 21581 infeasible   95        16.00000   15.00000  6.25%   171 3160s
 522623 21532   15.00000  104  190   16.00000   15.00000  6.25%   171 3165s
 523949 21931 infeasible  118        16.00000   15.00000  6.25%   171 3171s
 524588 22006 infeasible   86        16.00000   15.00000  6.25%   171 3175s
 525641 22139 infeasible   94        16.00000   15.00000  6.25%   171 3181s
 526560 22118 infeasible   88        16.00000   15.00000  6.25%   171 3186s
 527040 22114 infeasible  100        16.00000   15.00000  6.25%   171 3190s
 528362 22134 infeasible   94        16.00000   15.00000  6.25%   171 3196s
 529057 22017 infeasible   93        16.00000   15.00000  6.25%   171 3201s
 529904 22139   15.00000   87   89   16.00000   15.00000  6.25%   171 3205s
 531006 22033 infeasible   87        16.00000   15.00000  6.25%   171 3210s
 531972 22089 infeasible   89        16.00000   15.00000  6.25%   170 3215s
 533107 22118 infeasible  116        16.00000   15.00000  6.25%   170 3220s
 534276 22030 infeasible   83        16.00000   15.00000  6.25%   170 3227s
 534862 22085 infeasible   93        16.00000   15.00000  6.25%   170 3230s
 536132 22359 infeasible   95        16.00000   15.00000  6.25%   170 3236s
 536978 22340 infeasible   93        16.00000   15.00000  6.25%   170 3241s
 537739 22286 infeasible   89        16.00000   15.00000  6.25%   170 3245s
 538763 22246 infeasible   86        16.00000   15.00000  6.25%   170 3250s
 539522 22090 infeasible   93        16.00000   15.00000  6.25%   170 3255s
 540455 22276   15.00000   81  123   16.00000   15.00000  6.25%   170 3260s
 541306 22279 infeasible   92        16.00000   15.00000  6.25%   170 3265s
 541986 22195 infeasible   92        16.00000   15.00000  6.25%   170 3270s
 542781 22161 infeasible   89        16.00000   15.00000  6.25%   170 3276s
 543615 22157   15.00000  103  133   16.00000   15.00000  6.25%   170 3280s
 544927 22147 infeasible   93        16.00000   15.00000  6.25%   170 3285s
 545719 22031 infeasible   84        16.00000   15.00000  6.25%   170 3290s
 546676 22212 infeasible   86        16.00000   15.00000  6.25%   170 3296s
 547476 22217 infeasible   75        16.00000   15.00000  6.25%   170 3301s
 548326 22243 infeasible   86        16.00000   15.00000  6.25%   170 3308s
 548507 22186 infeasible   78        16.00000   15.00000  6.25%   170 3310s
 549275 22161 infeasible  100        16.00000   15.00000  6.25%   170 3315s
 550170 22054 infeasible   79        16.00000   15.00000  6.25%   170 3320s
 551167 22108 infeasible   88        16.00000   15.00000  6.25%   169 3325s
 552061 21986 infeasible   83        16.00000   15.00000  6.25%   169 3331s
 552692 21955 infeasible   87        16.00000   15.00000  6.25%   169 3336s
 553415 21914 infeasible  100        16.00000   15.00000  6.25%   169 3340s
 554109 21863 infeasible   98        16.00000   15.00000  6.25%   169 3346s
 555183 22256 infeasible  110        16.00000   15.00000  6.25%   169 3350s
 556197 22210 infeasible   79        16.00000   15.00000  6.25%   169 3357s
 556772 22272 infeasible   79        16.00000   15.00000  6.25%   169 3361s
 557677 22305 infeasible   88        16.00000   15.00000  6.25%   169 3366s
 558504 22300 infeasible   89        16.00000   15.00000  6.25%   169 3371s
 559393 22303 infeasible   93        16.00000   15.00000  6.25%   169 3375s
 560407 22466 infeasible  102        16.00000   15.00000  6.25%   169 3381s
 561123 22544 infeasible  104        16.00000   15.00000  6.25%   169 3386s
 561881 22517 infeasible  107        16.00000   15.00000  6.25%   169 3390s
 563146 22578 infeasible   95        16.00000   15.00000  6.25%   169 3395s
 564034 22480 infeasible  107        16.00000   15.00000  6.25%   169 3400s
 565094 22423 infeasible   88        16.00000   15.00000  6.25%   169 3405s
 566082 22506 infeasible   96        16.00000   15.00000  6.25%   169 3411s
 566630 22462 infeasible   81        16.00000   15.00000  6.25%   169 3415s
 567774 22666 infeasible   96        16.00000   15.00000  6.25%   169 3420s
 568876 22714 infeasible  102        16.00000   15.00000  6.25%   169 3425s
 569940 22616   15.00000   98  124   16.00000   15.00000  6.25%   168 3431s
 571311 22946 infeasible  100        16.00000   15.00000  6.25%   168 3435s
 572381 22923 infeasible   94        16.00000   15.00000  6.25%   168 3441s
 572987 22882 infeasible  112        16.00000   15.00000  6.25%   168 3445s
 574425 22920   15.00000   94  165   16.00000   15.00000  6.25%   168 3451s
 575567 22970 infeasible  102        16.00000   15.00000  6.25%   168 3455s
 576577 22820 infeasible   98        16.00000   15.00000  6.25%   168 3460s
 578016 22864   15.00000   84  139   16.00000   15.00000  6.25%   168 3465s
 578990 22741 infeasible   74        16.00000   15.00000  6.25%   168 3470s
 580088 22767 infeasible  110        16.00000   15.00000  6.25%   168 3475s
 581122 23043 infeasible   93        16.00000   15.00000  6.25%   167 3480s
 581966 22959 infeasible   77        16.00000   15.00000  6.25%   167 3485s
 582600 22889   15.00000  109  135   16.00000   15.00000  6.25%   167 3490s
 583028 22855   15.00000   59  190   16.00000   15.00000  6.25%   167 3495s
 584280 23276   15.00000  105  198   16.00000   15.00000  6.25%   167 3500s
 585119 23313 infeasible   80        16.00000   15.00000  6.25%   167 3505s
 585947 23376 infeasible  105        16.00000   15.00000  6.25%   167 3510s
 586295 23487 infeasible   88        16.00000   15.00000  6.25%   167 3515s
 587105 23393   15.00000   64  163   16.00000   15.00000  6.25%   167 3521s
 588832 23526 infeasible   92        16.00000   15.00000  6.25%   167 3525s
 589651 23546 infeasible   74        16.00000   15.00000  6.25%   167 3531s
 590515 23604   15.00000   95   63   16.00000   15.00000  6.25%   167 3535s
 591041 23492 infeasible   91        16.00000   15.00000  6.25%   167 3540s
 592440 23666 infeasible  107        16.00000   15.00000  6.25%   167 3546s
 593189 23675   15.00000   81  191   16.00000   15.00000  6.25%   167 3550s
 594584 23534 infeasible  101        16.00000   15.00000  6.25%   167 3556s
 595545 23573 infeasible   87        16.00000   15.00000  6.25%   167 3560s
 596289 23559 infeasible   97        16.00000   15.00000  6.25%   167 3565s
 597280 23392 infeasible   95        16.00000   15.00000  6.25%   167 3571s
 598367 23621 infeasible   91        16.00000   15.00000  6.25%   167 3576s
 599263 23608 infeasible  102        16.00000   15.00000  6.25%   166 3580s
 600374 23632 infeasible   80        16.00000   15.00000  6.25%   166 3585s
 601154 23591 infeasible   85        16.00000   15.00000  6.25%   166 3590s
 602497 23534 infeasible   87        16.00000   15.00000  6.25%   166 3596s
 603011 23547 infeasible   99        16.00000   15.00000  6.25%   166 3600s

Cutting planes:
  Gomory: 20
  Cover: 607
  Clique: 13
  MIR: 1
  Flow cover: 10
  Inf proof: 8
  Zero half: 72

Explored 603124 nodes (100272849 simplex iterations) in 3600.00 seconds
Thread count was 4 (of 4 available processors)

Solution count 10: 16 16 17 ... 32

Time limit reached
Best objective 1.600000000000e+01, best bound 1.500000000000e+01, gap 6.2500%
16.0
