matriz 20x15
[0, 0, 0, 0, 0, 1, 0, 1, 0, 1, 0, 0, 0, 1, 0]
[0, 0, 0, 0, 0, 1, 0, 0, 0, 0, 1, 0, 1, 0, 0]
[0, 0, 1, 0, 0, 1, 0, 0, 0, 0, 0, 1, 0, 0, 0]
[0, 0, 0, 0, 0, 1, 1, 0, 0, 0, 0, 0, 1, 0, 0]
[0, 1, 0, 0, 0, 0, 1, 0, 0, 0, 0, 0, 0, 0, 0]
[0, 1, 0, 0, 0, 1, 0, 0, 0, 0, 0, 0, 0, 1, 0]
[0, 0, 1, 0, 0, 0, 0, 0, 0, 0, 0, 0, 1, 0, 0]
[0, 1, 1, 1, 1, 0, 0, 1, 0, 0, 0, 0, 0, 0, 0]
[0, 0, 0, 0, 1, 1, 0, 0, 0, 1, 0, 0, 0, 1, 0]
[0, 0, 0, 0, 1, 0, 1, 0, 0, 0, 0, 0, 0, 0, 1]
[0, 0, 0, 1, 1, 0, 1, 1, 0, 0, 0, 0, 0, 0, 0]
[0, 0, 0, 1, 0, 0, 0, 0, 1, 0, 0, 0, 0, 1, 0]
[0, 0, 1, 0, 1, 0, 0, 0, 1, 0, 0, 1, 0, 0, 1]
[0, 1, 0, 0, 0, 0, 0, 0, 0, 0, 0, 0, 0, 0, 1]
[1, 0, 0, 1, 0, 0, 0, 0, 0, 1, 0, 1, 0, 1, 0]
[1, 0, 0, 0, 0, 0, 0, 0, 0, 0, 0, 0, 0, 0, 1]
[0, 0, 1, 0, 1, 0, 0, 0, 0, 0, 1, 1, 0, 0, 0]
[0, 1, 0, 0, 1, 0, 0, 1, 0, 0, 1, 0, 0, 1, 0]
[1, 1, 0, 0, 0, 0, 0, 1, 0, 1, 0, 0, 1, 0, 0]
[0, 0, 0, 0, 1, 0, 0, 0, 0, 1, 0, 1, 1, 1, 0]
Academic license - for non-commercial use only
Changed value of parameter timeLimit to 3600.0
   Prev: 1e+100  Min: 0.0  Max: 1e+100  Default: 1e+100
Optimize a model with 6930 rows, 1000 columns and 10565 nonzeros
Variable types: 0 continuous, 1000 integer (1000 binary)
Coefficient statistics:
  Matrix range     [1e+00, 1e+00]
  Objective range  [1e+00, 1e+00]
  Bounds range     [1e+00, 1e+00]
  RHS range        [1e+00, 5e+00]
Found heuristic solution: objective 57
Presolve removed 5715 rows and 15 columns
Presolve time: 0.02s
Presolved: 1215 rows, 985 columns, 4835 nonzeros
Variable types: 0 continuous, 985 integer (985 binary)

Root relaxation: objective -1.400000e+00, 4080 iterations, 0.32 seconds

    Nodes    |    Current Node    |     Objective Bounds      |     Work
 Expl Unexpl |  Obj  Depth IntInf | Incumbent    BestBd   Gap | It/Node Time

     0     0   -1.40000    0  620   57.00000   -1.40000   102%     -    0s
H    0     0                      47.0000000   -1.40000   103%     -    0s
H    0     0                      41.0000000   -1.40000   103%     -    0s
     0     0   10.00000    0  498   41.00000   10.00000  75.6%     -    0s
H    0     0                      35.0000000   10.00000  71.4%     -    0s
     0     0   10.00000    0  494   35.00000   10.00000  71.4%     -    0s
     0     0   10.00000    0  362   35.00000   10.00000  71.4%     -    1s
     0     2   10.00000    0  362   35.00000   10.00000  71.4%     -    2s
H  220   222                      34.0000000   10.00000  70.6%   235    3s
H  522   484                      31.0000000   10.00000  67.7%   213    4s
   639   576   10.00000   11  325   31.00000   10.00000  67.7%   194    5s
H  654   582                      30.0000000   10.00000  66.7%   194    5s
  1039   914   21.27830   92  312   30.00000   10.00000  66.7%   182   10s
  1052   923   12.85104   39  339   30.00000   10.00000  66.7%   180   15s
  1066   937   10.00000   16  367   30.00000   10.00000  66.7%   229   20s
  1372  1140   10.25346   54  365   30.00000   10.00000  66.7%   280   25s
H 1835  1373                      29.0000000   10.00000  65.5%   271   27s
  2164  1506   18.35038  125  322   29.00000   10.00000  65.5%   256   30s
H 2406  1508                      27.0000000   10.00000  63.0%   243   31s
H 2621  1498                      26.0000000   10.00000  61.5%   233   32s
  3255  1818   18.47263   65  347   26.00000   10.00000  61.5%   211   37s
  3473  1950   11.38366   41  376   26.00000   10.00000  61.5%   212   41s
  3990  2403     cutoff  105        26.00000   10.00000  61.5%   202   45s
  4800  3075   10.36905   29  368   26.00000   10.00000  61.5%   195   52s
  5457  3635   10.00000   43  389   26.00000   10.00000  61.5%   196   55s
  6421  4492   22.33382  116  205   26.00000   10.00000  61.5%   190   60s
  7591  5522   19.22765  112  344   26.00000   10.00000  61.5%   183   66s
  8659  6431   12.86619   57  380   26.00000   10.00000  61.5%   176   71s
  9662  7311   12.77570   50  373   26.00000   10.00000  61.5%   172   75s
 10632  8146   10.16847   24  351   26.00000   10.00000  61.5%   168   82s
 11415  8839   10.11917   38  407   26.00000   10.00000  61.5%   167   86s
 12297  9610   11.70244   51  412   26.00000   10.00000  61.5%   167   91s
 12993 10236   21.78292  107  256   26.00000   10.00000  61.5%   167   95s
H13752  9915                      24.0000000   10.00000  58.3%   166   97s
 14718 10643   12.95508   60  417   24.00000   10.00000  58.3%   164  103s
 14792 10701   13.02745   60  399   24.00000   10.00000  58.3%   164  105s
 16205 11924   21.60904  117  261   24.00000   10.00000  58.3%   164  112s
 16999 12571   11.00000   31  364   24.00000   10.00000  58.3%   163  116s
 18111 13524   12.20427   69  414   24.00000   10.00000  58.3%   163  123s
 18360 13725   10.42736   63  425   24.00000   10.00000  58.3%   163  125s
 19894 15004   11.16618   83  433   24.00000   10.00000  58.3%   163  132s
H19954 14270                      23.0000000   10.00000  56.5%   163  132s
 20609 14825   11.80931   48  377   23.00000   10.00000  56.5%   164  138s
 20951 15101   14.46023   51  362   23.00000   10.00000  56.5%   163  149s
 20953 15102   12.86127   61  620   23.00000   10.00000  56.5%   163  150s
 20958 15106   17.75723   89  298   23.00000   10.00000  56.5%   163  155s
 20963 15109   20.36366   92  377   23.00000   10.00000  56.5%   163  160s
 20967 15112   21.95125  113  359   23.00000   10.00000  56.5%   163  165s
 20971 15117   10.00000   27  351   23.00000   10.00000  56.5%   165  170s
 20989 15131   10.00000   30  371   23.00000   10.00000  56.5%   165  175s
 21056 15172   11.52000   37  346   23.00000   10.00000  56.5%   166  182s
 21464 15443   11.64458   92  372   23.00000   10.00000  56.5%   172  185s
 22003 15715   10.71934   82  419   23.00000   10.00000  56.5%   174  190s
 22249 15805   13.42621  115  411   23.00000   10.00000  56.5%   175  195s
 22694 16033   10.83137   78  423   23.00000   10.00000  56.5%   176  201s
 23662 16522   10.00900   46  383   23.00000   10.00000  56.5%   176  206s
 24543 16989   13.81099   81  326   23.00000   10.00000  56.5%   178  211s
 25106 17271   15.34038  111  323   23.00000   10.00000  56.5%   178  215s
 26474 17931   18.00738   93  313   23.00000   10.00000  56.5%   178  221s
 27563 18466   15.87129   96  357   23.00000   10.00000  56.5%   177  228s
 27622 18501   20.01004   96  336   23.00000   10.00000  56.5%   177  230s
 29347 19303   12.46517   67  365   23.00000   10.00000  56.5%   177  236s
 30538 19926   14.98449   81  382   23.00000   10.00000  56.5%   177  240s
 31056 20177   13.57079   43  364   23.00000   10.00000  56.5%   178  245s
 32142 20665   12.63253   64  359   23.00000   10.00000  56.5%   179  250s
 33029 21075   15.21509   82  360   23.00000   10.00000  56.5%   180  256s
 33557 21312   10.81684   55  380   23.00000   10.00000  56.5%   181  261s
 34371 21699   11.70967   70  395   23.00000   10.00000  56.5%   182  265s
 35195 22071   10.90598   46  430   23.00000   10.00000  56.5%   183  270s
 35780 22339   10.05000   38  363   23.00000   10.00000  56.5%   184  276s
 36760 22816   13.25967   59  348   23.00000   10.00000  56.5%   185  280s
 37434 23148   10.76943   55  412   23.00000   10.00000  56.5%   186  286s
 38779 23776   11.43640   49  395   23.00000   10.00000  56.5%   185  297s
 39228 23993   14.39076   61  339   23.00000   10.00000  56.5%   185  300s
 40321 24518   15.21383   65  345   23.00000   10.00000  56.5%   186  305s
 42061 25379   13.60794   74  406   23.00000   10.00000  56.5%   187  311s
 42985 25814   12.69878   68  388   23.00000   10.00000  56.5%   187  317s
 43803 26197   10.94188   48  383   23.00000   10.00000  56.5%   187  321s
 44275 26470   20.73572   99  288   23.00000   10.00000  56.5%   188  329s
 44381 26495   11.71153   43  389   23.00000   10.00000  56.5%   188  331s
 45551 27043   10.87890   62  371   23.00000   10.00000  56.5%   188  336s
 46595 27569   10.58284   42  390   23.00000   10.00000  56.5%   189  340s
 47730 28116   10.00000   53  389   23.00000   10.00000  56.5%   189  345s
 48905 28723   14.36099   75  382   23.00000   10.00000  56.5%   190  353s
 49363 28918   13.25813   78  393   23.00000   10.00000  56.5%   190  356s
 50449 29465   14.13533   79  382   23.00000   10.00000  56.5%   191  362s
 51245 29841   12.71627   59  388   23.00000   10.00000  56.5%   191  366s
 51792 30105   13.47992   77  384   23.00000   10.00000  56.5%   192  375s
 52290 30351   13.52778   77  440   23.00000   10.00000  56.5%   192  380s
 53926 31174   11.17500   63  381   23.00000   10.00000  56.5%   193  387s
 55142 31729   19.65000   93  235   23.00000   10.00000  56.5%   193  398s
 55434 31866   10.00000   51  364   23.00000   10.00000  56.5%   193  401s
 56559 32362   12.87227   78  419   23.00000   10.00000  56.5%   193  405s
 58029 33004   10.59446   66  397   23.00000   10.00000  56.5%   194  412s
 58726 33349   19.35438   89  278   23.00000   10.00000  56.5%   195  416s
 59656 33740   12.29660   64  456   23.00000   10.00000  56.5%   196  421s
 60183 33984   17.77323   82  353   23.00000   10.00000  56.5%   196  429s
 60332 34040   10.18000   57  380   23.00000   10.00000  56.5%   196  432s
 61274 34479   14.18196   85  397   23.00000   10.00000  56.5%   197  436s
 62199 34940   12.77994   73  408   23.00000   10.00000  56.5%   197  441s
 62875 35272   10.00000   42  378   23.00000   10.00000  56.5%   198  445s
 63845 35794   10.30309   74  426   23.00000   10.00000  56.5%   198  450s
 64608 36142   20.43498   80  346   23.00000   10.00000  56.5%   198  455s
 65513 36575   12.00040   53  374   23.00000   10.00000  56.5%   198  461s
 66579 37206   11.39361   77  372   23.00000   10.00000  56.5%   198  466s
 67269 37760   13.65186   73  381   23.00000   10.00000  56.5%   199  471s
 68260 38513   13.84908   83  446   23.00000   10.00000  56.5%   199  480s
 69522 39552   12.99542   88  372   23.00000   10.00000  56.5%   200  487s
 70689 40496   11.51829   55  389   23.00000   10.00000  56.5%   200  492s
 71504 41122   15.51165   81  401   23.00000   10.00000  56.5%   200  497s
 72200 41675   11.36380   62  404   23.00000   10.00000  56.5%   201  508s
 72285 41732   11.56214   63  388   23.00000   10.00000  56.5%   201  510s
 73262 42526   10.56672   71  432   23.00000   10.00000  56.5%   201  515s
 74063 43173   20.82765  119  353   23.00000   10.00000  56.5%   202  520s
 75017 43928   11.37143   57  372   23.00000   10.00000  56.5%   203  525s
 75506 44337   12.43470   79  402   23.00000   10.00000  56.5%   204  530s
 76495 45087   12.18753   74  423   23.00000   10.00000  56.5%   204  539s
 76715 45259   13.34179   53  378   23.00000   10.00000  56.5%   205  542s
 77304 45732   16.12513   90  384   23.00000   10.00000  56.5%   205  545s
 78306 46540   11.27945   59  417   23.00000   10.00000  56.5%   205  550s
 78708 46887   15.61571   83  387   23.00000   10.00000  56.5%   205  555s
 79336 47398   11.00097   51  396   23.00000   10.00000  56.5%   206  560s
 80445 48334   11.62818   66  427   23.00000   10.00000  56.5%   206  565s
 81514 49205   10.90434   90  351   23.00000   10.00000  56.5%   206  573s
 81783 49444   10.54454   80  426   23.00000   10.00000  56.5%   206  576s
 82722 50214   10.83890   44  336   23.00000   10.00000  56.5%   207  581s
 83603 50963   18.99319  123  329   23.00000   10.00000  56.5%   207  587s
 84561 51705   11.92226   61  342   23.00000   10.00000  56.5%   207  592s
 85216 52184   18.87136   62  302   23.00000   10.00000  56.5%   207  595s
 86296 53054   13.10715   67  404   23.00000   10.00000  56.5%   206  600s
 87042 53691   12.33840   69  369   23.00000   10.00000  56.5%   207  605s
 87363 53961   10.05012   77  394   23.00000   10.00000  56.5%   207  611s
 87741 54267   10.46330   86  429   23.00000   10.00000  56.5%   207  616s
 88588 54972   10.47046   55  454   23.00000   10.00000  56.5%   207  622s
 89678 55827   11.15031   47  363   23.00000   10.00000  56.5%   208  630s
 90446 56426   19.75285   98  219   23.00000   10.00000  56.5%   208  635s
 91545 57305   10.53156   75  399   23.00000   10.00000  56.5%   208  641s
 92338 57967   10.49201   94  429   23.00000   10.00000  56.5%   207  647s
 92902 58390   11.89999   77  422   23.00000   10.00000  56.5%   208  650s
 94005 59293   11.87911   85  411   23.00000   10.00000  56.5%   208  655s
 94884 59937   10.35417   54  397   23.00000   10.00000  56.5%   208  661s
 95714 60550   12.76546   90  376   23.00000   10.00000  56.5%   208  666s
 96766 61399   18.89568   90  325   23.00000   10.00000  56.5%   208  673s
 97444 61909   12.43928   84  390   23.00000   10.00000  56.5%   208  676s
 97929 62294   17.22067   97  265   23.00000   10.00000  56.5%   208  681s
 98831 62966   11.41610   51  369   23.00000   10.00000  56.5%   209  686s
 99339 63401   17.57681   74  306   23.00000   10.00000  56.5%   209  690s
 100396 64173   10.33714   68  427   23.00000   10.00000  56.5%   209  695s
 101411 64954   18.82687  113  277   23.00000   10.00000  56.5%   209  701s
 102193 65547   15.38616   87  361   23.00000   10.00000  56.5%   209  708s
 102365 65691   18.04724  125  307   23.00000   10.00000  56.5%   209  710s
 103374 66466   11.83974   93  422   23.00000   10.00000  56.5%   209  715s
 104298 67255   10.03614   56  432   23.00000   10.00000  56.5%   209  720s
 104951 67807   12.15000   54  350   23.00000   10.00000  56.5%   210  730s
 105567 68282   10.01885   47  432   23.00000   10.00000  56.5%   211  735s
 106448 69017   11.20139   63  389   23.00000   10.00000  56.5%   211  740s
 107443 69827   11.04490   59  415   23.00000   10.00000  56.5%   212  747s
 107620 69982   12.94962   58  391   23.00000   10.00000  56.5%   212  750s
 108610 70778   16.81450   71  386   23.00000   10.00000  56.5%   212  756s
 109301 71331   14.02996   74  369   23.00000   10.00000  56.5%   212  762s
 109770 71723   18.58819  125  323   23.00000   10.00000  56.5%   213  765s
 110936 72672   13.59893   91  434   23.00000   10.00000  56.5%   213  770s
 111820 73379   14.03156   76  412   23.00000   10.00000  56.5%   213  777s
 112093 73589   10.76262   55  436   23.00000   10.00000  56.5%   213  780s
 113180 74451   11.45127   61  397   23.00000   10.00000  56.5%   214  787s
 113390 74599   11.55231   62  398   23.00000   10.00000  56.5%   214  790s
 114476 75452   11.69444   48  336   23.00000   10.00000  56.5%   214  796s
 115349 76178   15.70935   71  320   23.00000   10.00000  56.5%   215  801s
 116135 76818   10.64743   67  449   23.00000   10.00000  56.5%   215  807s
 116510 77113   10.41659   67  416   23.00000   10.00000  56.5%   215  811s
 117217 77673   10.14130   65  401   23.00000   10.00000  56.5%   215  816s
 118171 78424   12.01876   68  361   23.00000   10.00000  56.5%   216  822s
 118504 78698   17.49283  103  401   23.00000   10.00000  56.5%   216  825s
 119402 79427   19.72831  128  301   23.00000   10.00000  56.5%   216  831s
 120475 80267   15.85135   76  416   23.00000   10.00000  56.5%   217  837s
 121012 80706   12.64744   72  390   23.00000   10.00000  56.5%   216  840s
 122014 81509   11.75390   64  376   23.00000   10.00000  56.5%   217  846s
 123156 82416   10.00000   54  379   23.00000   10.00000  56.5%   216  852s
 123669 82806   14.73308   82  377   23.00000   10.00000  56.5%   216  858s
 123862 82987   20.58563  114  322   23.00000   10.00000  56.5%   217  860s
 125003 83893   10.22909   57  438   23.00000   10.00000  56.5%   217  866s
 125638 84403   11.81818   86  394   23.00000   10.00000  56.5%   217  872s
 126135 84838   12.01069   93  421   23.00000   10.00000  56.5%   217  876s
 126936 85433   11.79514   94  439   23.00000   10.00000  56.5%   218  882s
 127513 85877   10.50000   79  410   23.00000   10.00000  56.5%   218  885s
 128456 86640   21.01942   99  361   23.00000   10.00000  56.5%   218  891s
 129495 87447   11.59102   80  424   23.00000   10.00000  56.5%   218  896s
 130393 88176   15.47211   81  388   23.00000   10.00000  56.5%   218  902s
 130797 88516   18.50468  102  327   23.00000   10.00000  56.5%   218  905s
 131725 89218     cutoff  124        23.00000   10.00000  56.5%   218  912s
 132257 89594   11.68284   86  356   23.00000   10.00000  56.5%   219  915s
 132991 90168   12.68182   64  394   23.00000   10.00000  56.5%   219  921s
 133797 90748   12.11985   90  432   23.00000   10.00000  56.5%   219  927s
 134340 91170   15.38407   81  313   23.00000   10.00000  56.5%   219  937s
 134689 91405   10.80000   54  405   23.00000   10.00000  56.5%   220  940s
 135815 92309   20.46766   86  290   23.00000   10.00000  56.5%   220  946s
 137029 93219   12.51923   57  297   23.00000   10.00000  56.5%   220  952s
 137536 93609     cutoff  102        23.00000   10.00000  56.5%   220  955s
 138428 94291   10.86401   66  412   23.00000   10.00000  56.5%   221  961s
 139606 95154   12.30855   68  392   23.00000   10.00000  56.5%   221  967s
 139924 95371   14.32418   82  370   23.00000   10.00000  56.5%   221  970s
 140517 95807   10.85612   65  456   23.00000   10.00000  56.5%   221  979s
 140636 95918   10.90000   66  419   23.00000   10.00000  56.5%   221  981s
 141785 96830   20.78101   94  276   23.00000   10.00000  56.5%   221  987s
 142210 97167   20.36449  114  329   23.00000   10.00000  56.5%   221  990s
 143287 97982     cutoff  107        23.00000   10.00000  56.5%   221  996s
 144180 98715   13.21511   74  407   23.00000   10.00000  56.5%   222 1002s
 144492 98949   15.09859   81  362   23.00000   10.00000  56.5%   222 1005s
 145340 99586   11.15548   65  419   23.00000   10.00000  56.5%   222 1011s
 146134 100173   11.24834   63  410   23.00000   10.00000  56.5%   222 1018s
 146480 100474   11.25000   55  386   23.00000   10.00000  56.5%   222 1021s
 146878 100817   17.76281  100  373   23.00000   10.00000  56.5%   223 1029s
 147299 101127   14.45312   43  351   23.00000   10.00000  56.5%   223 1031s
 148372 101980 infeasible  121        23.00000   10.00000  56.5%   223 1039s
 148594 102146   17.58145   99  327   23.00000   10.00000  56.5%   223 1042s
 149162 102583   21.19495   97  324   23.00000   10.00000  56.5%   223 1045s
 150317 103465   13.29424   68  358   23.00000   10.00000  56.5%   223 1051s
 151364 104262   13.48619   71  394   23.00000   10.00000  56.5%   223 1057s
 151634 104466   10.95485   55  428   23.00000   10.00000  56.5%   223 1060s
 152452 105075   10.00000   65  448   23.00000   10.00000  56.5%   224 1067s
 152887 105419   12.14953   89  435   23.00000   10.00000  56.5%   224 1071s
 153600 105967   21.40077   84  165   23.00000   10.00000  56.5%   224 1077s
 154155 106375   12.89227   76  395   23.00000   10.00000  56.5%   224 1080s
 154673 106783   11.25872   66  443   23.00000   10.00000  56.5%   225 1090s
 155145 107145   12.74993   76  397   23.00000   10.00000  56.5%   225 1096s
 156259 108010   14.64642   69  372   23.00000   10.00000  56.5%   225 1102s
 156678 108338   12.47944   60  432   23.00000   10.00000  56.5%   225 1105s
 157722 109147   11.41039   62  423   23.00000   10.00000  56.5%   226 1111s
 158729 109897   11.50179   77  417   23.00000   10.00000  56.5%   226 1117s
 158939 110049   13.46343   89  431   23.00000   10.00000  56.5%   226 1120s
 159729 110635   14.02907   90  378   23.00000   10.00000  56.5%   226 1126s
 160647 111363   13.73927   70  385   23.00000   10.00000  56.5%   226 1133s
 160880 111549   14.15628   71  385   23.00000   10.00000  56.5%   227 1136s
 161856 112350   17.01974   72  316   23.00000   10.00000  56.5%   227 1142s
 162198 112614   10.74876   49  411   23.00000   10.00000  56.5%   227 1151s
 163184 113415   13.81410   66  353   23.00000   10.00000  56.5%   227 1158s
 163872 113954   10.43853   48  357   23.00000   10.00000  56.5%   227 1161s
 164998 114887   14.12244   68  413   23.00000   10.00000  56.5%   227 1167s
 165302 115106   10.86704   62  418   23.00000   10.00000  56.5%   227 1170s
 166399 115996   16.41583   94  389   23.00000   10.00000  56.5%   228 1176s
 166759 116281   10.94970   60  448   23.00000   10.00000  56.5%   228 1185s
 167408 116754   10.03333   51  398   23.00000   10.00000  56.5%   228 1191s
 167937 117175   16.12457   85  369   23.00000   10.00000  56.5%   228 1195s
 169088 118083   11.57148   75  455   23.00000   10.00000  56.5%   228 1201s
 170082 118920   17.46880   91  401   23.00000   10.00000  56.5%   228 1207s
 170384 119154   13.45037   81  424   23.00000   10.00000  56.5%   229 1210s
 171404 119949   15.37219   70  376   23.00000   10.00000  56.5%   229 1216s
 172410 120705   16.41472   91  380   23.00000   10.00000  56.5%   229 1223s
 172829 121044   10.73021   75  400   23.00000   10.00000  56.5%   229 1227s
 172944 121134   10.75598   76  419   23.00000   10.00000  56.5%   229 1230s
 173931 121899   10.93265   59  389   23.00000   10.00000  56.5%   229 1236s
 174503 122405   11.16667   67  436   23.00000   10.00000  56.5%   229 1241s
 175311 123066   10.83627   71  452   23.00000   10.00000  56.5%   229 1247s
 175794 123442   10.54865   77  482   23.00000   10.00000  56.5%   230 1252s
 176351 123906   10.72857   79  456   23.00000   10.00000  56.5%   230 1255s
 177260 124666   17.89351  103  315   23.00000   10.00000  56.5%   230 1262s
 177732 125044   16.92189   99  350   23.00000   10.00000  56.5%   230 1265s
 178497 125650   14.25041   66  381   23.00000   10.00000  56.5%   230 1273s
 178885 125978   11.45416   67  412   23.00000   10.00000  56.5%   230 1277s
 179425 126414   11.82670   60  386   23.00000   10.00000  56.5%   230 1280s
 179990 126857   13.27525   89  426   23.00000   10.00000  56.5%   231 1287s
 180483 127272   14.67671   94  420   23.00000   10.00000  56.5%   231 1290s
 180925 127642   11.12500   53  365   23.00000   10.00000  56.5%   231 1297s
 180984 127679   11.15385   54  430   23.00000   10.00000  56.5%   231 1301s
 182034 128482   12.32967   59  369   23.00000   10.00000  56.5%   231 1307s
 182526 128854   10.43472   98  420   23.00000   10.00000  56.5%   232 1311s
 183709 129790   18.18856   92  368   23.00000   10.00000  56.5%   232 1317s
 184045 130061   12.95433   65  417   23.00000   10.00000  56.5%   232 1321s
 184922 130707   13.08228  103  423   23.00000   10.00000  56.5%   232 1327s
 185471 131144   11.29565   76  463   23.00000   10.00000  56.5%   232 1330s
 186180 131722   18.01483  103  424   23.00000   10.00000  56.5%   232 1338s
 186277 131798   21.29133  116  346   23.00000   10.00000  56.5%   232 1341s
 187318 132651 infeasible  120        23.00000   10.00000  56.5%   233 1347s
 187770 133011   12.11710   64  397   23.00000   10.00000  56.5%   233 1352s
 188114 133275   11.99653   63  430   23.00000   10.00000  56.5%   233 1355s
 189313 134185   19.25926   92  403   23.00000   10.00000  56.5%   233 1364s
 189365 134205   13.54324   61  418   23.00000   10.00000  56.5%   233 1367s
 189906 134645   20.59733   88  337   23.00000   10.00000  56.5%   233 1371s
 191024 135476   11.48309   59  426   23.00000   10.00000  56.5%   233 1377s
 191684 135967   12.16486   61  395   23.00000   10.00000  56.5%   233 1380s
 192181 136370   13.38997   78  426   23.00000   10.00000  56.5%   233 1385s
 192929 136892   12.02433   79  357   23.00000   10.00000  56.5%   233 1393s
 193388 137270   17.93337  102  359   23.00000   10.00000  56.5%   234 1396s
 194000 137764   14.68435   77  341   23.00000   10.00000  56.5%   234 1400s
 194825 138403   10.36553   84  482   23.00000   10.00000  56.5%   234 1406s
 195621 139012   18.43977   94  300   23.00000   10.00000  56.5%   234 1413s
 196001 139306   10.50038   67  439   23.00000   10.00000  56.5%   234 1416s
 196792 139912   10.03340   84  447   23.00000   10.00000  56.5%   235 1423s
 197052 140120   10.55909   78  457   23.00000   10.00000  56.5%   235 1427s
 197357 140369   10.55934   75  452   23.00000   10.00000  56.5%   235 1431s
 197809 140713   13.58425   84  399   23.00000   10.00000  56.5%   235 1437s
 197815 140716   13.98169   86  404   23.00000   10.00000  56.5%   235 1442s
 198057 140913   17.50839   99  375   23.00000   10.00000  56.5%   235 1446s
 198576 141316   21.21878  102  317   23.00000   10.00000  56.5%   236 1450s
 199390 141912   10.97277   56  438   23.00000   10.00000  56.5%   236 1457s
 199998 142385   11.29096   63  443   23.00000   10.00000  56.5%   236 1460s
 200662 142897   10.63566   86  457   23.00000   10.00000  56.5%   236 1467s
 201278 143339   11.00000   54  365   23.00000   10.00000  56.5%   236 1476s
 201921 143820   21.73420  110  336   23.00000   10.00000  56.5%   236 1483s
 202580 144281   19.42084   86  399   23.00000   10.00000  56.5%   236 1486s
 203770 145193   10.22064   53  434   23.00000   10.00000  56.5%   236 1493s
 204373 145673   11.60668   75  462   23.00000   10.00000  56.5%   236 1496s
 204717 145932   12.39065   76  432   23.00000   10.00000  56.5%   236 1500s
 205587 146600   11.46986   67  389   23.00000   10.00000  56.5%   237 1507s
 206182 147085   11.75990   72  413   23.00000   10.00000  56.5%   237 1510s
 206849 147563   11.59671   94  428   23.00000   10.00000  56.5%   237 1518s
 207390 148011   15.33952   91  351   23.00000   10.00000  56.5%   237 1521s
 207934 148409   10.49834   81  475   23.00000   10.00000  56.5%   237 1525s
 208831 149123   19.60839  109  328   23.00000   10.00000  56.5%   237 1533s
 209386 149556   14.55407   92  390   23.00000   10.00000  56.5%   237 1536s
 210328 150266   10.69159   77  414   23.00000   10.00000  56.5%   238 1543s
 210600 150486   18.35547   95  363   23.00000   10.00000  56.5%   238 1547s
 211072 150851   16.78516   97  390   23.00000   10.00000  56.5%   238 1550s
 211717 151305   10.33016   68  431   23.00000   10.00000  56.5%   238 1558s
 212209 151719   12.89235   79  432   23.00000   10.00000  56.5%   238 1561s
 212620 152086   10.16667   87  399   23.00000   10.00000  56.5%   238 1565s
 213455 152691   11.97057   79  459   23.00000   10.00000  56.5%   239 1573s
 213556 152773   11.52158   71  386   23.00000   10.00000  56.5%   239 1576s
 214124 153185   11.18853   73  438   23.00000   10.00000  56.5%   239 1580s
 215331 154112   19.61689  118  330   23.00000   10.00000  56.5%   239 1587s
 215574 154283   11.56022   72  396   23.00000   10.00000  56.5%   239 1591s
 216354 154917   16.60641   71  278   23.00000   10.00000  56.5%   239 1598s
 216922 155334   12.30706   75  382   23.00000   10.00000  56.5%   240 1602s
 217470 155770   11.56417   52  399   23.00000   10.00000  56.5%   240 1605s
 218410 156471   12.41341   96  439   23.00000   10.00000  56.5%   240 1612s
 218904 156864   11.13611  100  425   23.00000   10.00000  56.5%   240 1617s
 219165 157050   11.57087   45  426   23.00000   10.00000  56.5%   240 1621s
 219895 157621   11.29197   49  381   23.00000   10.00000  56.5%   240 1625s
 220923 158369   14.58045   99  371   23.00000   10.00000  56.5%   240 1631s
 221536 158824   13.32916   81  441   23.00000   10.00000  56.5%   240 1635s
 222456 159580   19.61688  102  343   23.00000   10.00000  56.5%   240 1642s
 223052 160026   13.95769   53  370   23.00000   10.00000  56.5%   240 1645s
 223434 160303   12.60674   90  423   23.00000   10.00000  56.5%   240 1650s
 224301 161000   13.12601   89  380   23.00000   10.00000  56.5%   240 1656s
 224731 161341   11.42621   89  430   23.00000   10.00000  56.5%   240 1660s
 225489 161912   20.23172   86  328   23.00000   10.00000  56.5%   240 1667s
 226175 162420   19.97803  115  302   23.00000   10.00000  56.5%   240 1670s
 227175 163230   15.54301  112  425   23.00000   10.00000  56.5%   241 1677s
 227514 163497   14.97288   76  363   23.00000   10.00000  56.5%   241 1680s
 228488 164224   11.20613   91  449   23.00000   10.00000  56.5%   241 1688s
 228955 164628   14.73056  106  431   23.00000   10.00000  56.5%   241 1691s
 229906 165360   11.27815   90  434   23.00000   10.00000  56.5%   241 1698s
 230118 165517   20.69144  122  299   23.00000   10.00000  56.5%   241 1701s
 230758 166027   15.93995   82  366   23.00000   10.00000  56.5%   241 1705s
 231662 166715   11.45792   46  392   23.00000   10.00000  56.5%   241 1711s
 232326 167263   11.09036   63  421   23.00000   10.00000  56.5%   241 1719s
 232757 167608   14.62474   64  373   23.00000   10.00000  56.5%   241 1722s
 233447 168142   13.60125   69  441   23.00000   10.00000  56.5%   241 1726s
 234302 168836   16.28587   76  403   23.00000   10.00000  56.5%   241 1732s
 234506 169004   10.84299   46  446   23.00000   10.00000  56.5%   241 1736s
 235638 169838   11.79054   41  422   23.00000   10.00000  56.5%   241 1744s
 235902 170052   16.85242   65  402   23.00000   10.00000  56.5%   241 1748s
 236479 170521   20.72062   97  300   23.00000   10.00000  56.5%   242 1751s
 236989 170925   17.32436  100  411   23.00000   10.00000  56.5%   242 1758s
 237319 171176   11.72743   68  457   23.00000   10.00000  56.5%   242 1761s
 237916 171629   11.80631   70  416   23.00000   10.00000  56.5%   242 1765s
 239077 172458   17.35128   90  361   23.00000   10.00000  56.5%   242 1771s
 239507 172753   11.11059   66  405   23.00000   10.00000  56.5%   242 1775s
 240098 173150   16.15946   87  400   23.00000   10.00000  56.5%   242 1780s
 240793 173679   10.00000   42  378   23.00000   10.00000  56.5%   242 1786s
 241640 174372     cutoff  104        23.00000   10.00000  56.5%   242 1792s
 242134 174768   10.66559   51  451   23.00000   10.00000  56.5%   242 1796s
 242470 175061   18.81092   99  387   23.00000   10.00000  56.5%   242 1801s
 243263 175663   13.42935   68  407   23.00000   10.00000  56.5%   243 1807s
 243763 176056     cutoff  105        23.00000   10.00000  56.5%   243 1811s
 244384 176558   11.59277   72  453   23.00000   10.00000  56.5%   243 1818s
 244856 176905   16.57936   79  379   23.00000   10.00000  56.5%   243 1821s
 245198 177170   14.74216   91  414   23.00000   10.00000  56.5%   243 1825s
 245985 177781   12.59064   83  402   23.00000   10.00000  56.5%   243 1832s
 246371 178093   16.74143   98  378   23.00000   10.00000  56.5%   243 1836s
 247048 178582   13.46806   89  438   23.00000   10.00000  56.5%   244 1843s
 247665 179051   15.30813   80  333   23.00000   10.00000  56.5%   244 1847s
 248260 179503   10.55000   74  429   23.00000   10.00000  56.5%   244 1850s
 249007 180066   14.62111   90  416   23.00000   10.00000  56.5%   244 1859s
 249397 180352   14.40671  107  391   23.00000   10.00000  56.5%   244 1862s
 249829 180690   21.89219  119  367   23.00000   10.00000  56.5%   244 1866s
 250190 180973   10.41303   77  456   23.00000   10.00000  56.5%   244 1870s
 250904 181503   17.28235  107  375   23.00000   10.00000  56.5%   245 1878s
 251509 181995   15.62506   75  406   23.00000   10.00000  56.5%   245 1882s
 252041 182415   12.19946   93  455   23.00000   10.00000  56.5%   245 1885s
 252367 182658   18.02590  117  337   23.00000   10.00000  56.5%   245 1892s
 252849 183006   18.69377  115  367   23.00000   10.00000  56.5%   245 1896s
 253578 183544   13.57368   59  380   23.00000   10.00000  56.5%   245 1900s
 254227 184012   12.46294   72  417   23.00000   10.00000  56.5%   245 1905s
 255225 184758   11.33009   52  397   23.00000   10.00000  56.5%   245 1916s
 255468 184954   11.02973   67  431   23.00000   10.00000  56.5%   245 1920s
 256428 185652   13.95357   90  423   23.00000   10.00000  56.5%   246 1927s
 256910 186029   10.95119   57  395   23.00000   10.00000  56.5%   246 1931s
 257287 186322   11.13393   62  429   23.00000   10.00000  56.5%   246 1939s
 257572 186531   20.38818  107  383   23.00000   10.00000  56.5%   246 1943s
 258176 186986   12.53744  100  445   23.00000   10.00000  56.5%   246 1946s
 258890 187540   16.13002   92  393   23.00000   10.00000  56.5%   246 1950s
 259878 188338   19.50188   79  346   23.00000   10.00000  56.5%   246 1957s
 260425 188718   11.82501   74  415   23.00000   10.00000  56.5%   246 1960s
 261482 189491   15.87133   76  438   23.00000   10.00000  56.5%   246 1969s
 261913 189806   16.72867   95  362   23.00000   10.00000  56.5%   246 1972s
 262531 190261   15.68349   96  387   23.00000   10.00000  56.5%   246 1976s
 263258 190767   10.49127   65  433   23.00000   10.00000  56.5%   247 1988s
 263477 190924   17.56720   90  322   23.00000   10.00000  56.5%   247 1991s
 264050 191396   14.36587   68  365   23.00000   10.00000  56.5%   247 1995s
 265385 192440   18.00319   93  375   23.00000   10.00000  56.5%   247 2003s
 265583 192590   10.17032   56  424   23.00000   10.00000  56.5%   247 2007s
 266162 193042   15.64467   86  371   23.00000   10.00000  56.5%   247 2010s
 267376 193987   10.98846   43  378   23.00000   10.00000  56.5%   247 2017s
 267686 194252   11.01667   44  369   23.00000   10.00000  56.5%   247 2020s
 268415 194834   12.87306   78  444   23.00000   10.00000  56.5%   247 2027s
 268941 195250   13.10606   69  409   23.00000   10.00000  56.5%   247 2030s
 269784 195910   16.65221  111  368   23.00000   10.00000  56.5%   247 2037s
 270084 196103   10.38303   71  452   23.00000   10.00000  56.5%   247 2041s
 271066 196924   13.90361   90  434   23.00000   10.00000  56.5%   247 2048s
 271249 197044   20.37535   64  269   23.00000   10.00000  56.5%   247 2051s
 271969 197559   20.15311   92  327   23.00000   10.00000  56.5%   247 2055s
 272485 197962     cutoff  122        23.00000   10.00000  56.5%   247 2061s
 272715 198141   12.93578   89  380   23.00000   10.00000  56.5%   247 2065s
 273702 198922   10.95238   94  426   23.00000   10.00000  56.5%   247 2072s
 273957 199111   16.47744   93  397   23.00000   10.00000  56.5%   247 2075s
 274909 199808   15.08565   92  386   23.00000   10.00000  56.5%   248 2082s
 275580 200355   10.36836   68  406   23.00000   10.00000  56.5%   248 2086s
 275888 200602   10.21595   74  451   23.00000   10.00000  56.5%   248 2090s
 276341 200972   12.47445  102  405   23.00000   10.00000  56.5%   248 2096s
 276570 201145   12.08809   56  376   23.00000   10.00000  56.5%   248 2100s
 277881 202192     cutoff  109        23.00000   10.00000  56.5%   248 2107s
 278548 202702   12.24694   53  416   23.00000   10.00000  56.5%   248 2110s
 279579 203490   10.86303   83  448   23.00000   10.00000  56.5%   248 2117s
 280025 203832   18.96817  101  331   23.00000   10.00000  56.5%   248 2120s
 280950 204491   16.68591   96  387   23.00000   10.00000  56.5%   248 2127s
 281558 204955   11.17004   97  453   23.00000   10.00000  56.5%   248 2131s
 282172 205422   17.84969   82  395   23.00000   10.00000  56.5%   248 2138s
 282756 205841   10.05455   34  343   23.00000   10.00000  56.5%   248 2141s
 283383 206367   16.07222   92  393   23.00000   10.00000  56.5%   248 2145s
 284251 207014   11.73775   56  460   23.00000   10.00000  56.5%   248 2151s
 284983 207635   11.05417   46  338   23.00000   10.00000  56.5%   248 2161s
 286076 208533   12.77406   71  394   23.00000   10.00000  56.5%   248 2167s
 286557 208957   12.86997   81  428   23.00000   10.00000  56.5%   248 2171s
 287755 209916   15.00203   75  392   23.00000   10.00000  56.5%   248 2177s
 288296 210370   16.05685   68  338   23.00000   10.00000  56.5%   248 2184s
 288928 210907   10.25000   41  371   23.00000   10.00000  56.5%   248 2187s
 289440 211318   17.35272   72  342   23.00000   10.00000  56.5%   248 2190s
 290415 212099   14.61061   73  419   23.00000   10.00000  56.5%   248 2196s
 290760 212375   15.12188   85  342   23.00000   10.00000  56.5%   248 2200s
 291399 212900   10.21712   59  423   23.00000   10.00000  56.5%   248 2206s
 292345 213677   12.95966   56  364   23.00000   10.00000  56.5%   248 2212s
 292946 214180   11.14862   50  367   23.00000   10.00000  56.5%   248 2216s
 293901 214967   12.63268   69  406   23.00000   10.00000  56.5%   248 2223s
 294049 215096   17.59462   90  331   23.00000   10.00000  56.5%   248 2226s
 295319 216122   10.58333   54  339   23.00000   10.00000  56.5%   248 2232s
 295517 216281   10.00071   37  412   23.00000   10.00000  56.5%   248 2235s
 296823 217370   12.59617   58  396   23.00000   10.00000  56.5%   248 2241s
 297128 217638   18.06038  115  327   23.00000   10.00000  56.5%   248 2249s
 297405 217868   12.37544   68  368   23.00000   10.00000  56.5%   248 2252s
 298107 218461   18.80596  104  354   23.00000   10.00000  56.5%   248 2255s
 299204 219362   10.22440   57  422   23.00000   10.00000  56.5%   248 2261s
 300142 220135   11.71081   53  386   23.00000   10.00000  56.5%   248 2268s
 300778 220635   13.04355   65  404   23.00000   10.00000  56.5%   248 2274s
 300953 220787   21.13329   92  346   23.00000   10.00000  56.5%   248 2277s
 301580 221268   10.34733   59  433   23.00000   10.00000  56.5%   248 2280s
 302754 222197   15.38415   88  369   23.00000   10.00000  56.5%   248 2286s
 303286 222613   16.80559   69  339   23.00000   10.00000  56.5%   248 2291s
 304137 223216   10.92748   57  423   23.00000   10.00000  56.5%   248 2296s
 305170 224075   12.29324   68  413   23.00000   10.00000  56.5%   248 2307s
 305875 224621   15.91427   70  380   23.00000   10.00000  56.5%   248 2312s
 306378 225042   19.96818  111  337   23.00000   10.00000  56.5%   248 2315s
 307483 225942   19.50335   80  349   23.00000   10.00000  56.5%   248 2320s
 308434 226674   15.57703   88  375   23.00000   10.00000  56.5%   248 2326s
 309222 227278   16.71455   49  309   23.00000   10.00000  56.5%   248 2331s
 309864 227786   21.91040  112  360   23.00000   10.00000  56.5%   248 2340s
 310122 227973   21.68594   89  346   23.00000   10.00000  56.5%   248 2345s
 310778 228472   21.80802   79  338   23.00000   10.00000  56.5%   248 2352s
 310955 228597   12.60835   64  381   23.00000   10.00000  56.5%   248 2355s
 311630 229111   15.46522  101  429   23.00000   10.00035  56.5%   248 2360s
 312479 229790   11.53194   80  469   23.00000   10.00106  56.5%   248 2365s
 313093 230298   15.39282   93  406   23.00000   10.00225  56.5%   248 2371s
 313755 230771   11.08650   84  439   23.00000   10.00292  56.5%   248 2376s
 314444 231278   12.89626   73  401   23.00000   10.00317  56.5%   248 2381s
 315316 231938   13.71415   79  379   23.00000   10.00395  56.5%   248 2388s
 315389 231984   14.67266   90  403   23.00000   10.00404  56.5%   248 2390s
 316164 232612   14.37353  105  433   23.00000   10.00452  56.5%   248 2395s
 316679 233007   15.15616   89  390   23.00000   10.00556  56.5%   248 2400s
 317594 233628   12.38204   77  446   23.00000   10.00619  56.5%   248 2405s
 318304 234158   15.79606  103  391   23.00000   10.00678  56.5%   248 2411s
 318844 234582   10.90008   63  453   23.00000   10.00717  56.5%   248 2415s
 319602 235194   18.05084   89  403   23.00000   10.00725  56.5%   248 2420s
 320670 236000   13.51940   86  429   23.00000   10.00752  56.5%   248 2426s
 321266 236464   12.53980   68  418   23.00000   10.00781  56.5%   248 2431s
 321661 236756   15.55456   90  384   23.00000   10.00820  56.5%   248 2435s
 322439 237363   16.40254   86  419   23.00000   10.00873  56.5%   248 2441s
 323111 237895   17.89713   82  368   23.00000   10.00905  56.5%   248 2446s
 323630 238265   13.47199  108  446   23.00000   10.00926  56.5%   249 2452s
 324575 238988   12.04589   67  433   23.00000   10.00976  56.5%   249 2459s
 324693 239071   18.23518   93  390   23.00000   10.00979  56.5%   249 2461s
 325708 239867   15.14164   81  411   23.00000   10.01031  56.5%   249 2467s
 326119 240180   10.76038   52  446   23.00000   10.01042  56.5%   249 2474s
 326338 240365   10.76078   53  456   23.00000   10.01042  56.5%   249 2476s
 327068 240970   14.83967   73  377   23.00000   10.01042  56.5%   249 2482s
 327501 241342   11.28273   64  360   23.00000   10.01054  56.5%   249 2485s
 328063 241792   14.13786   97  411   23.00000   10.01054  56.5%   249 2493s
 328491 242113   11.27000   69  466   23.00000   10.01054  56.5%   249 2496s
 328956 242469   15.29756   99  381   23.00000   10.01072  56.5%   249 2500s
 329652 243013   12.38195   58  375   23.00000   10.01101  56.5%   250 2508s
 330120 243380   10.17762   68  397   23.00000   10.01142  56.5%   250 2511s
 330608 243739   11.39947   59  388   23.00000   10.01160  56.5%   250 2520s
 331536 244446   16.35466   93  394   23.00000   10.01190  56.5%   250 2527s
 332136 244912   15.11914   74  387   23.00000   10.01234  56.5%   250 2530s
 333036 245595   21.97425  104  273   23.00000   10.01257  56.5%   250 2536s
 333828 246179   11.23077   65  379   23.00000   10.01267  56.5%   250 2543s
 334398 246600   13.94736   85  397   23.00000   10.01300  56.5%   250 2546s
 334989 247088   19.75021   96  310   23.00000   10.01317  56.5%   250 2552s
 335493 247485   10.71789   58  432   23.00000   10.01332  56.5%   250 2555s
 336161 248017   21.99848  120  284   23.00000   10.01333  56.5%   250 2562s
 336263 248085   11.80356   95  422   23.00000   10.01339  56.5%   250 2565s
 337269 248822   15.37806   65  400   23.00000   10.01389  56.5%   250 2571s
 337696 249184   11.18543   68  447   23.00000   10.01389  56.5%   250 2575s
 338350 249657   19.47498   93  287   23.00000   10.01389  56.5%   250 2582s
 338795 250003   10.28125   77  424   23.00000   10.01413  56.5%   251 2592s
 339193 250299   12.32914   72  442   23.00000   10.01422  56.5%   251 2596s
 340434 251241   11.39265   51  465   23.00000   10.01472  56.5%   251 2602s
 340832 251568   11.78296   45  418   23.00000   10.01483  56.5%   251 2606s
 342027 252503   13.00497   78  403   23.00000   10.01517  56.5%   251 2614s
 342222 252650   13.07653   79  405   23.00000   10.01520  56.5%   251 2617s
 342789 253083   18.37380  105  350   23.00000   10.01554  56.5%   251 2623s
 343255 253383   11.80166   63  359   23.00000   10.01557  56.5%   251 2626s
 343771 253784   12.28344   64  420   23.00000   10.01563  56.5%   251 2630s
 344580 254468   12.55475   74  451   23.00000   10.01563  56.5%   251 2636s
 345123 254895   12.01451   73  420   23.00000   10.01563  56.5%   251 2641s
 345461 255158   11.19700   55  392   23.00000   10.01563  56.5%   251 2645s
 346596 256063   19.52109   97  372   23.00000   10.01563  56.5%   251 2651s
 346884 256275   11.50000   72  417   23.00000   10.01563  56.5%   251 2656s
 347601 256854   13.46709   77  402   23.00000   10.01579  56.5%   251 2663s
 348148 257251     cutoff  109        23.00000   10.01600  56.5%   252 2666s
 349072 257979   11.12291   65  468   23.00000   10.01648  56.5%   252 2672s
 349525 258331   15.40973   68  418   23.00000   10.01651  56.4%   252 2676s
 349719 258502   10.62213   76  461   23.00000   10.01663  56.4%   252 2680s
 350589 259210   13.54589   74  446   23.00000   10.01676  56.4%   252 2688s
 350730 259296   13.64689   76  443   23.00000   10.01685  56.4%   252 2691s
 351328 259766   19.91136   99  294   23.00000   10.01697  56.4%   252 2695s
 352247 260512   15.13100   97  360   23.00000   10.01710  56.4%   252 2704s
 352471 260690   12.93051   77  346   23.00000   10.01719  56.4%   252 2707s
 352975 261073   15.67814   95  360   23.00000   10.01738  56.4%   252 2711s
 354045 261937   11.64206   81  421   23.00000   10.01765  56.4%   252 2717s
 354288 262128   12.90160   85  434   23.00000   10.01786  56.4%   252 2720s
 355338 262947   15.26018   87  412   23.00000   10.01812  56.4%   252 2727s
 355588 263149   11.10545   84  465   23.00000   10.01825  56.4%   252 2730s
 356512 263814   18.07687   96  369   23.00000   10.01873  56.4%   252 2736s
 357124 264293   11.64965   43  437   23.00000   10.01914  56.4%   252 2740s
 357779 264806   10.74975   87  469   23.00000   10.01945  56.4%   252 2746s
 358374 265263   10.76692   79  434   23.00000   10.01961  56.4%   252 2753s
 358483 265331   12.62057   64  386   23.00000   10.01961  56.4%   252 2756s
 359625 266239   17.75629   79  339   23.00000   10.01988  56.4%   252 2762s
 360244 266683   10.42881   80  399   23.00000   10.02015  56.4%   252 2766s
 361195 267419   19.30278  107  298   23.00000   10.02061  56.4%   253 2772s
 361616 267716   11.17156   73  415   23.00000   10.02083  56.4%   252 2776s
 362387 268325   10.42559   85  478   23.00000   10.02083  56.4%   253 2782s
 362855 268704   10.12500   60  361   23.00000   10.02083  56.4%   253 2785s
 363450 269191   16.20378   94  389   23.00000   10.02083  56.4%   253 2792s
 363985 269569   10.79242   74  424   23.00000   10.02083  56.4%   253 2795s
 364479 269934   12.42427   59  375   23.00000   10.02094  56.4%   253 2801s
 365552 270745   10.88636   70  408   23.00000   10.02128  56.4%   253 2808s
 365779 270919   11.21315   49  343   23.00000   10.02128  56.4%   253 2811s
 366726 271644   19.47629  100  334   23.00000   10.02174  56.4%   253 2819s
 366910 271767   16.44720   74  414   23.00000   10.02183  56.4%   253 2822s
 367925 272550   20.46727  101  281   23.00000   10.02247  56.4%   253 2828s
 368487 272980   12.50823   55  386   23.00000   10.02314  56.4%   253 2831s
 369289 273572   15.05410   72  377   23.00000   10.02351  56.4%   253 2837s
 369639 273860   11.38248   61  421   23.00000   10.02380  56.4%   253 2841s
 370211 274313   11.54946   87  477   23.00000   10.02381  56.4%   253 2845s
 371091 274999     cutoff   68        23.00000   10.02381  56.4%   253 2851s
 371986 275655   12.39689   88  463   23.00000   10.02426  56.4%   253 2857s
 372443 276033   13.89942   72  403   23.00000   10.02452  56.4%   253 2860s
 373213 276589   14.96189   87  410   23.00000   10.02478  56.4%   253 2868s
 373329 276670   15.13795   88  424   23.00000   10.02491  56.4%   253 2871s
 374274 277410   10.90435   62  407   23.00000   10.02533  56.4%   253 2882s
 374517 277605   10.67805   82  452   23.00000   10.02542  56.4%   253 2885s
 375417 278302   12.24113   94  457   23.00000   10.02626  56.4%   253 2891s
 376370 278990   14.55899   76  397   23.00000   10.02672  56.4%   254 2897s
 376527 279096   10.64501   57  460   23.00000   10.02679  56.4%   254 2900s
 377332 279742   15.08843   76  411   23.00000   10.02679  56.4%   254 2908s
 377469 279853   17.34636   85  382   23.00000   10.02732  56.4%   254 2911s
 378604 280691   21.14746  103  312   23.00000   10.02778  56.4%   254 2917s
 379202 281153   10.95930   85  448   23.00000   10.02815  56.4%   254 2920s
 379950 281735   11.01129   77  447   23.00000   10.02857  56.4%   254 2927s
 380145 281887   19.02991  111  304   23.00000   10.02857  56.4%   254 2930s
 381166 282660   12.50818   79  407   23.00000   10.02917  56.4%   254 2936s
 381809 283162   10.83333   70  381   23.00000   10.02918  56.4%   254 2942s
 382264 283490   20.59421   95  332   23.00000   10.02949  56.4%   254 2946s
 382838 283932     cutoff   99        23.00000   10.02969  56.4%   254 2952s
 383310 284289   19.04807   91  372   23.00000   10.03030  56.4%   254 2961s
 384116 284935   12.83005   57  400   23.00000   10.03050  56.4%   254 2967s
 385060 285659     cutoff   89        23.00000   10.03107  56.4%   254 2972s
 385468 285971   14.04794   56  414   23.00000   10.03213  56.4%   254 2975s
 386016 286384   11.12657   66  428   23.00000   10.03256  56.4%   254 2982s
 386592 286789   11.70755   54  448   23.00000   10.03293  56.4%   254 2985s
 387271 287326   14.92059   80  445   23.00000   10.03333  56.4%   254 2992s
 387818 287771   10.93088   56  436   23.00000   10.03333  56.4%   254 2995s
 388448 288270   12.31247   60  441   23.00000   10.03333  56.4%   254 3003s
 388985 288683   14.75702   70  395   23.00000   10.03333  56.4%   254 3006s
 389889 289404   11.50480   77  474   23.00000   10.03333  56.4%   254 3011s
 390381 289797   19.74538  108  345   23.00000   10.03333  56.4%   254 3015s
 391206 290421   11.00013   60  436   23.00000   10.03420  56.4%   254 3021s
 391915 290960   14.45521   72  419   23.00000   10.03458  56.4%   254 3026s
 392638 291440   15.00743   94  390   23.00000   10.03542  56.4%   255 3033s
 393004 291731   10.86663   68  399   23.00000   10.03553  56.4%   254 3036s
 393539 292154   14.13224   76  404   23.00000   10.03571  56.4%   254 3043s
 393775 292342   21.85316  103  306   23.00000   10.03571  56.4%   254 3046s
 394838 293187   13.77663   94  431   23.00000   10.03599  56.4%   255 3052s
 395334 293584   14.42805   72  388   23.00000   10.03673  56.4%   255 3055s
 396201 294235   12.45800   62  384   23.00000   10.03787  56.4%   254 3061s
 397217 295015   11.02568   60  465   23.00000   10.03859  56.4%   254 3070s
 397772 295460   14.85048   78  414   23.00000   10.03913  56.4%   255 3076s
 398595 296077   11.20855   82  475   23.00000   10.03957  56.3%   255 3082s
 399316 296621   11.67055   63  394   23.00000   10.04023  56.3%   255 3087s
 399815 297019   20.15506  105  372   23.00000   10.04057  56.3%   255 3092s
 399988 297157   14.11186   90  417   23.00000   10.04076  56.3%   255 3095s
 401057 298000   21.59923  113  222   23.00000   10.04167  56.3%   255 3101s
 401632 298435   14.28858  106  427   23.00000   10.04167  56.3%   255 3107s
 402029 298770   20.40697  137  394   23.00000   10.04167  56.3%   255 3110s
 402719 299299   11.96279   89  443   23.00000   10.04167  56.3%   255 3117s
 403231 299703   18.63975   83  253   23.00000   10.04167  56.3%   255 3120s
 404125 300392   13.27845   73  424   23.00000   10.04209  56.3%   255 3126s
 405089 301100   12.48743   77  429   23.00000   10.04314  56.3%   255 3132s
 405350 301267   12.88635   66  442   23.00000   10.04348  56.3%   255 3135s
 406022 301808   13.04167   82  428   23.00000   10.04428  56.3%   255 3141s
 406710 302320   10.95069   69  417   23.00000   10.04466  56.3%   255 3147s
 407092 302616   14.66871   96  436   23.00000   10.04505  56.3%   255 3150s
 407688 303087   15.70003   75  374   23.00000   10.04530  56.3%   255 3156s
 408644 303808   16.92978   81  391   23.00000   10.04622  56.3%   255 3164s
 408715 303849   17.30884   82  398   23.00000   10.04627  56.3%   255 3167s
 409244 304244   12.56482   73  452   23.00000   10.04670  56.3%   255 3170s
 410287 305032   14.50784   87  417   23.00000   10.04722  56.3%   255 3176s
 410897 305515   21.64914  105  321   23.00000   10.04757  56.3%   255 3183s
 411079 305641   12.06305   66  346   23.00000   10.04762  56.3%   255 3186s
 412062 306414   17.61063   94  417   23.00000   10.04787  56.3%   255 3192s
 412507 306745   14.14002   66  404   23.00000   10.04808  56.3%   255 3196s
 413115 307188   12.38941   70  399   23.00000   10.04872  56.3%   255 3202s
 413651 307616   12.04597   66  419   23.00000   10.04942  56.3%   255 3205s
 414124 307977   10.86246   78  492   23.00000   10.04944  56.3%   255 3210s
 415174 308771   20.60914  106  339   23.00000   10.05000  56.3%   255 3217s
 415754 309232   10.78303   39  409   23.00000   10.05000  56.3%   255 3220s
 416574 309810   12.55552   66  444   23.00000   10.05000  56.3%   255 3227s
 417118 310263   10.72370   41  415   23.00000   10.05000  56.3%   255 3231s
 418093 311044     cutoff  115        23.00000   10.05000  56.3%   255 3238s
 418214 311139   13.01713   60  424   23.00000   10.05000  56.3%   255 3241s
 419191 311872   11.02139   53  450   23.00000   10.05000  56.3%   255 3249s
 419465 312079   14.29324   78  391   23.00000   10.05000  56.3%   255 3252s
 420079 312502   10.59457   53  423   23.00000   10.05000  56.3%   255 3255s
 420866 313114   10.96284   48  410   23.00000   10.05000  56.3%   255 3262s
 421463 313598   17.48941   91  422   23.00000   10.05000  56.3%   255 3265s
 421947 313973   13.13094   67  407   23.00000   10.05000  56.3%   256 3270s
 422720 314574   12.87046   69  429   23.00000   10.05000  56.3%   256 3276s
 423150 314909   14.36043   84  441   23.00000   10.05000  56.3%   256 3280s
 423816 315441   13.73946   79  426   23.00000   10.05000  56.3%   256 3286s
 424155 315719   11.90951   80  468   23.00000   10.05000  56.3%   256 3290s
 424637 316099   16.38234   72  296   23.00000   10.05000  56.3%   256 3296s
 425559 316795   14.06698   87  406   23.00000   10.05036  56.3%   256 3305s
 426191 317270   11.03458   71  477   23.00000   10.05087  56.3%   256 3311s
 427165 317942   16.83996   78  345   23.00000   10.05151  56.3%   256 3317s
 427742 318409     cutoff  114        23.00000   10.05169  56.3%   256 3320s
 428436 318919   14.83719  113  419   23.00000   10.05223  56.3%   256 3333s
 428440 318921   14.79156  115  405   23.00000   10.05223  56.3%   256 3337s
 428640 319063   16.20985  114  351   23.00000   10.05223  56.3%   256 3340s
 429391 319616   16.88576  101  393   23.00000   10.05285  56.3%   256 3348s
 429965 320045   14.09822   77  397   23.00000   10.05320  56.3%   256 3351s
 430452 320423   18.74796   84  405   23.00000   10.05333  56.3%   256 3355s
 431382 321156   12.49367   62  400   23.00000   10.05377  56.3%   256 3361s
H431618 306200                      22.0000000   10.05382  54.3%   256 3361s
 432270 306667   19.03141  112  349   22.00000   10.05404  54.3%   256 3367s
 432624 306950   13.56395   80  414   22.00000   10.05450  54.3%   256 3372s
 432759 307043   10.52168   78  458   22.00000   10.05455  54.3%   256 3376s
 433736 307756   10.98753   67  474   22.00000   10.05516  54.3%   256 3382s
 434204 308094   12.12122   68  435   22.00000   10.05556  54.3%   256 3387s
 434531 308355   19.29158  100  357   22.00000   10.05556  54.3%   256 3390s
 435477 309081   13.75422   74  437   22.00000   10.05579  54.3%   256 3396s
 436198 309622   16.30449   92  392   22.00000   10.05656  54.3%   256 3403s
 436429 309775     cutoff  119        22.00000   10.05674  54.3%   256 3406s
 437368 310472   11.95261   51  405   22.00000   10.05732  54.3%   256 3412s
 437589 310629   14.67416   93  411   22.00000   10.05743  54.3%   256 3415s
 438064 310955   19.49936   96  339   22.00000   10.05797  54.3%   256 3427s
 438308 311142   11.24826   58  390   22.00000   10.05833  54.3%   256 3430s
 439255 311823   20.90144   93  322   22.00000   10.05882  54.3%   257 3436s
 440172 312534   17.61328   86  361   22.00000   10.05965  54.3%   257 3442s
 440630 312880   10.95250   72  437   22.00000   10.05976  54.3%   257 3445s
 441301 313329   11.44037   60  442   22.00000   10.06033  54.3%   257 3452s
 441581 313515   10.93933   50  403   22.00000   10.06065  54.3%   257 3455s
 442249 314036   11.34839   46  454   22.00000   10.06125  54.3%   257 3461s
 442681 314333   12.80065   87  447   22.00000   10.06158  54.3%   257 3465s
 443510 314972   13.55488   73  414   22.00000   10.06223  54.3%   257 3471s
 443988 315298   15.10334   71  405   22.00000   10.06240  54.3%   257 3478s
 443992 315269   14.86340   69  394   22.00000   10.06250  54.3%   257 3481s
 445045 316100   11.10929   77  471   22.00000   10.06250  54.3%   257 3487s
 445556 316450   12.08510   57  428   22.00000   10.06286  54.3%   257 3490s
 446402 317084   12.86642   61  450   22.00000   10.06410  54.3%   257 3496s
 447294 317731   19.01270   88  271   22.00000   10.06468  54.3%   257 3503s
 447541 317911   11.50252   51  405   22.00000   10.06482  54.3%   257 3506s
 448063 318315   14.80939   69  395   22.00000   10.06509  54.2%   257 3510s
 448703 318773     cutoff   99        22.00000   10.06521  54.2%   257 3516s
 449751 319546   19.12624  114  359   22.00000   10.06616  54.2%   257 3523s
 450044 319749   11.08810   62  343   22.00000   10.06634  54.2%   257 3526s
 450541 320062   13.39518   64  414   22.00000   10.06667  54.2%   257 3530s
 451432 320785   11.57666   73  435   22.00000   10.06667  54.2%   258 3537s
 451941 321179   16.22969   74  399   22.00000   10.06667  54.2%   258 3540s
 452828 321863   11.73018   73  436   22.00000   10.06667  54.2%   258 3547s
 453024 322013   16.85535   82  397   22.00000   10.06667  54.2%   258 3550s
 454032 322760   12.79191   78  464   22.00000   10.06736  54.2%   258 3562s
 454411 323040   10.47958   64  420   22.00000   10.06747  54.2%   258 3565s
 455175 323634   10.55661   80  504   22.00000   10.06829  54.2%   258 3571s
 455691 324021   14.85986   86  421   22.00000   10.06832  54.2%   258 3575s
 456490 324619   19.85604   68  295   22.00000   10.06927  54.2%   258 3583s
 456794 324821   10.68453   68  350   22.00000   10.06944  54.2%   258 3586s
 457779 325566   11.65743   59  465   22.00000   10.07053  54.2%   258 3592s
 458291 325993   14.11626   66  355   22.00000   10.07071  54.2%   258 3597s
 458331 325993   14.45691   67  364   22.00000   10.07071  54.2%   258 3600s

Cutting planes:
  Gomory: 18
  Cover: 413
  Clique: 7
  MIR: 2
  StrongCG: 1
  Flow cover: 1
  Zero half: 40

Explored 458707 nodes (118334753 simplex iterations) in 3600.00 seconds
Thread count was 4 (of 4 available processors)

Solution count 10: 22 23 24 ... 35

Time limit reached
Best objective 2.200000000000e+01, best bound 1.100000000000e+01, gap 50.0000%
22.0
