matriz 15x20
[0, 1, 1, 1, 1, 0, 1, 0, 0, 0, 0, 0, 1, 0, 1, 0, 1, 1, 0, 1]
[1, 1, 1, 1, 1, 0, 0, 0, 0, 1, 1, 0, 0, 0, 0, 0, 0, 0, 0, 1]
[0, 0, 0, 0, 0, 0, 0, 1, 0, 1, 1, 1, 0, 1, 0, 1, 0, 1, 0, 1]
[0, 1, 0, 1, 0, 1, 0, 1, 1, 0, 0, 0, 1, 1, 0, 0, 0, 1, 1, 1]
[0, 0, 0, 0, 1, 1, 0, 0, 0, 0, 0, 1, 1, 0, 0, 0, 0, 0, 0, 0]
[1, 0, 0, 0, 1, 0, 0, 1, 1, 1, 1, 0, 0, 0, 1, 1, 1, 0, 0, 1]
[0, 0, 0, 0, 0, 0, 0, 0, 1, 0, 0, 1, 0, 0, 1, 0, 0, 1, 0, 0]
[0, 1, 1, 1, 1, 1, 0, 1, 0, 1, 0, 0, 0, 0, 1, 0, 1, 0, 1, 0]
[0, 0, 1, 1, 0, 0, 0, 0, 0, 1, 0, 0, 0, 0, 0, 1, 0, 0, 0, 0]
[0, 0, 0, 0, 1, 0, 0, 0, 0, 1, 1, 1, 1, 1, 1, 1, 0, 1, 0, 0]
[0, 0, 1, 1, 0, 0, 0, 1, 0, 1, 0, 1, 1, 1, 0, 0, 1, 0, 1, 1]
[0, 1, 0, 0, 0, 0, 1, 1, 0, 0, 0, 0, 0, 0, 0, 1, 0, 0, 0, 0]
[1, 0, 0, 1, 1, 1, 0, 0, 1, 0, 0, 0, 1, 0, 0, 1, 0, 0, 1, 1]
[0, 0, 0, 0, 0, 1, 0, 0, 0, 0, 0, 0, 0, 1, 1, 1, 0, 0, 0, 0]
[1, 1, 0, 0, 1, 0, 1, 0, 1, 1, 0, 0, 0, 1, 0, 0, 0, 1, 0, 1]
Academic license - for non-commercial use only
Changed value of parameter timeLimit to 3600.0
   Prev: 1e+100  Min: 0.0  Max: 1e+100  Default: 1e+100
Optimize a model with 5405 rows, 825 columns and 8945 nonzeros
Variable types: 0 continuous, 825 integer (825 binary)
Coefficient statistics:
  Matrix range     [1e+00, 1e+00]
  Objective range  [1e+00, 1e+00]
  Bounds range     [1e+00, 1e+00]
  RHS range        [1e+00, 2e+01]
Found heuristic solution: objective 48
Presolve removed 4220 rows and 20 columns
Presolve time: 0.01s
Presolved: 1185 rows, 805 columns, 4705 nonzeros
Variable types: 0 continuous, 805 integer (805 binary)

Root relaxation: objective -7.466667e+00, 2771 iterations, 0.22 seconds

    Nodes    |    Current Node    |     Objective Bounds      |     Work
 Expl Unexpl |  Obj  Depth IntInf | Incumbent    BestBd   Gap | It/Node Time

     0     0   -7.46667    0  525   48.00000   -7.46667   116%     -    0s
H    0     0                      27.0000000   -7.46667   128%     -    0s
H    0     0                      26.0000000   -7.46667   129%     -    0s
H    0     0                      24.0000000   -7.46667   131%     -    0s
     0     0   -6.16767    0  480   24.00000   -6.16767   126%     -    0s
H    0     0                      21.0000000   -6.16767   129%     -    0s
H    0     0                      14.0000000   -6.16767   144%     -    0s
     0     0   -5.28790    0  477   14.00000   -5.28790   138%     -    0s
     0     0   -4.25469    0  444   14.00000   -4.25469   130%     -    0s
     0     0   -4.22103    0  430   14.00000   -4.22103   130%     -    0s
     0     0   -4.22065    0  433   14.00000   -4.22065   130%     -    0s
H    0     0                      11.0000000   -4.22065   138%     -    0s
     0     0   -4.19671    0  434   11.00000   -4.19671   138%     -    0s
     0     0   -4.19671    0  433   11.00000   -4.19671   138%     -    0s
     0     2   -4.19671    0  433   11.00000   -4.19671   138%     -    1s
H  193   195                      10.0000000   -3.75236   138%  72.9    1s
H  259   248                       9.0000000   -3.69977   141%  78.2    1s
  1075   897    5.00000   26  138    9.00000    5.00000  44.4%  68.2    5s
  1365  1094    5.54380   67  233    9.00000    5.00000  44.4%  85.6   10s
  3643  2092    5.55658   54  216    9.00000    5.00000  44.4%  63.3   15s
  8181  5496     cutoff   56         9.00000    5.00000  44.4%  51.8   20s
 13956  9843    5.19630   56  185    9.00000    5.00000  44.4%  47.4   25s
 18236 12981    7.04129   61  172    9.00000    5.00000  44.4%  47.7   30s
 21191 15317    6.32824   78  433    9.00000    5.00000  44.4%  47.8   38s
 21195 15320    6.15833   74  178    9.00000    5.00000  44.4%  47.8   40s
 21201 15324    6.06547   73  174    9.00000    5.00000  44.4%  47.8   45s
 21207 15328    6.24469   54  174    9.00000    5.00000  44.4%  47.8   50s
 21211 15330    6.32824   78  173    9.00000    5.00000  44.4%  47.8   55s
 21247 15356    5.00000   39  171    9.00000    5.00000  44.4%  49.0   60s
 22486 15934    5.36364   73  228    9.00000    5.00000  44.4%  49.7   65s
 23335 16279    5.00000   47  157    9.00000    5.00000  44.4%  49.8   70s
 27948 18436    6.86567   93  140    9.00000    5.00000  44.4%  49.8   76s
 30846 19702    5.25732   95  239    9.00000    5.00000  44.4%  50.2   80s
 36404 22054    7.18800  104  182    9.00000    5.00000  44.4%  51.0   85s
 38642 22926    5.00000   51  173    9.00000    5.00000  44.4%  52.0   90s
 43801 25103    7.19414   63  156    9.00000    5.00000  44.4%  53.0   95s
 48823 27111    5.66667   58  180    9.00000    5.00000  44.4%  53.1  100s
 52368 28682    7.68254   85  178    9.00000    5.00000  44.4%  53.4  105s
 56456 30379    5.94097   71  174    9.00000    5.00000  44.4%  53.8  110s
 60140 31774    6.54934  102  179    9.00000    5.00000  44.4%  54.2  115s
 64062 33200    5.24403   73  181    9.00000    5.00000  44.4%  54.8  120s
 67184 34398    5.58784   56  173    9.00000    5.00000  44.4%  55.1  125s
 71824 37921    5.02364   53  248    9.00000    5.00000  44.4%  55.8  130s
 74840 40108    7.41875  103  194    9.00000    5.00000  44.4%  56.1  135s
 80171 44088    5.60000   78  197    9.00000    5.00000  44.4%  56.7  140s
 84679 47319    7.34136   92  187    9.00000    5.00000  44.4%  56.7  145s
 89217 50544    8.00000   87  128    9.00000    5.00000  44.4%  56.9  150s
 93768 53817    5.78910   70  157    9.00000    5.00000  44.4%  57.0  155s
 97254 56278    5.68263   89  194    9.00000    5.00000  44.4%  57.1  160s
 101022 59129    5.10526   97  218    9.00000    5.00000  44.4%  57.2  165s
 105048 61995    5.74708   69  232    9.00000    5.00000  44.4%  57.5  171s
 107473 63738    5.00000   48  190    9.00000    5.00000  44.4%  57.8  175s
 112290 67289    5.16667   63  171    9.00000    5.00000  44.4%  58.0  180s
 115960 70059     cutoff  112         9.00000    5.00000  44.4%  58.4  185s
 119314 72571    7.34375   71  179    9.00000    5.00000  44.4%  58.7  190s
 123108 75356    6.28571   68  178    9.00000    5.00000  44.4%  58.8  195s
 127436 78437    5.33333   54  149    9.00000    5.00000  44.4%  58.8  200s
 131366 81232    7.66667   85  178    9.00000    5.00000  44.4%  59.0  205s
 136208 84447    5.51885   70  171    9.00000    5.00000  44.4%  59.2  210s
 139669 86812    7.01538   81  187    9.00000    5.00000  44.4%  59.3  215s
 143932 89723    5.88766   70  171    9.00000    5.00000  44.4%  59.5  220s
 148563 92905    5.19654   64  187    9.00000    5.00000  44.4%  59.5  225s
 152612 95640    5.67778   58  143    9.00000    5.00000  44.4%  59.5  230s
 156668 98217    5.30714   49  128    9.00000    5.00000  44.4%  59.6  235s
 159965 100317    5.34536   69  176    9.00000    5.00000  44.4%  59.6  240s
*161277 73090              66       8.0000000    5.00000  37.5%  59.7  241s
 163365 74473    6.84655   87  202    8.00000    5.00000  37.5%  59.9  245s
 166588 76299    5.19138   55  164    8.00000    5.00000  37.5%  60.2  250s
 169408 77753    5.79518   72  180    8.00000    5.00000  37.5%  60.3  255s
 172887 79660    5.00000   67  178    8.00000    5.00000  37.5%  60.6  260s
 176891 82083    6.58929   76  137    8.00000    5.00000  37.5%  60.9  266s
 179907 83895    5.00000   72  204    8.00000    5.00000  37.5%  61.2  270s
 183689 85981    6.01316   66  173    8.00000    5.00000  37.5%  61.5  275s
 186383 87623    5.61818   64  175    8.00000    5.00000  37.5%  61.8  280s
 190253 89987    5.20833   59  172    8.00000    5.00000  37.5%  62.0  285s
 193826 92113    5.36574   61  245    8.00000    5.00000  37.5%  62.1  290s
 196785 94068    7.00000   76  151    8.00000    5.00000  37.5%  62.3  295s
 199600 95869    5.69483   72  233    8.00000    5.00000  37.5%  62.5  300s
 203289 98210    5.00000   66  180    8.00000    5.00000  37.5%  62.7  306s
 206501 100190    5.90535   81  201    8.00000    5.00000  37.5%  62.7  310s
 209860 102346    5.40000   76  164    8.00000    5.00000  37.5%  62.8  315s
 213263 104494    5.54545   80  207    8.00000    5.00000  37.5%  63.1  320s
 216162 106309    5.00000   58  161    8.00000    5.00000  37.5%  63.2  325s
 219416 108250    6.55513   75  194    8.00000    5.00000  37.5%  63.4  330s
 223054 110433    5.57679   66  209    8.00000    5.00000  37.5%  63.6  336s
 226138 112302    6.57600   85  176    8.00000    5.00000  37.5%  63.8  340s
 229126 114078    5.06452   68  204    8.00000    5.00000  37.5%  63.9  345s
 232182 115980    5.42530   81  206    8.00000    5.00000  37.5%  64.1  350s
 234991 117527    5.79704   72  189    8.00000    5.00000  37.5%  64.3  355s
 239769 120449    6.63725   70  109    8.00000    5.00000  37.5%  64.4  360s
 243450 122481    5.50668   67  163    8.00000    5.00000  37.5%  64.6  365s
 246136 124157    6.42857   67  165    8.00000    5.00000  37.5%  64.7  370s
 249500 126122    6.77219   75  197    8.00000    5.00000  37.5%  64.9  375s
 251713 127437    5.50000   72  195    8.00000    5.00000  37.5%  65.0  380s
 255283 129598    6.93917   85  161    8.00000    5.00000  37.5%  65.2  385s
 258947 131773    5.58016   81  225    8.00000    5.00000  37.5%  65.3  391s
 262376 133989     cutoff   83         8.00000    5.00000  37.5%  65.4  395s
 264888 135774    5.62696   78  173    8.00000    5.00000  37.5%  65.5  400s
 267475 137477    5.55556   97  207    8.00000    5.00000  37.5%  65.7  405s
 270636 139641     cutoff   84         8.00000    5.00000  37.5%  65.9  410s
 274236 141935    6.44470   70  195    8.00000    5.00000  37.5%  66.0  415s
 276791 143593    6.83750   81  108    8.00000    5.00000  37.5%  66.1  420s
 279914 145687    6.44605   63  161    8.00000    5.00000  37.5%  66.3  425s
 282711 147452    5.22826   62  136    8.00000    5.00000  37.5%  66.5  430s
 285370 149112    5.85851   81  206    8.00000    5.00000  37.5%  66.6  435s
 288643 151250    6.22348  110  193    8.00000    5.00000  37.5%  66.8  441s
 290820 152593    5.54064   76  177    8.00000    5.00000  37.5%  66.9  445s
 294632 155115    6.69518   72  185    8.00000    5.00000  37.5%  67.1  450s
 297037 156564    6.12115   84  167    8.00000    5.00000  37.5%  67.3  455s
 299797 158310    6.58333   70  186    8.00000    5.00000  37.5%  67.4  460s
 302268 159865    5.13085   51  234    8.00000    5.00000  37.5%  67.5  465s
 305298 161632    5.60961   60  216    8.00000    5.00000  37.5%  67.7  470s
 308429 163572     cutoff   64         8.00000    5.00000  37.5%  67.9  475s
 310905 164949    5.50000   80  167    8.00000    5.00000  37.5%  68.2  480s
 311930 165510    5.00000   60  199    8.00000    5.00000  37.5%  68.3  485s
 314926 167089    5.75610   63  185    8.00000    5.00000  37.5%  68.7  490s
 317990 168946    5.56818   67  170    8.00000    5.00000  37.5%  68.9  495s
 321108 170819    5.76562   74  185    8.00000    5.00000  37.5%  68.9  500s
 324929 172955     cutoff   70         8.00000    5.00000  37.5%  69.0  505s
 328402 174845    6.00000   65  173    8.00000    5.00000  37.5%  69.0  510s
 331868 176666    6.00000   72  161    8.00000    5.00000  37.5%  69.0  515s
 335089 178726    5.46495   74  186    8.00000    5.00000  37.5%  69.2  520s
 338555 180554    5.33333   62  156    8.00000    5.00000  37.5%  69.2  525s
 342159 182557     cutoff   77         8.00000    5.00000  37.5%  69.2  531s
 344982 184068    5.17083   72  246    8.00000    5.00000  37.5%  69.3  535s
 347195 185229    6.82494   85  179    8.00000    5.00000  37.5%  69.4  540s
 350957 187356    5.45833   64  190    8.00000    5.00000  37.5%  69.6  545s
 354024 189130    6.10020   73  191    8.00000    5.00000  37.5%  69.6  551s
 357096 190840    6.41436   64  205    8.00000    5.00000  37.5%  69.7  555s
 360146 192683    5.00000   67  176    8.00000    5.00000  37.5%  69.7  560s
 363650 194979    5.00000   65  183    8.00000    5.00000  37.5%  69.8  565s
 367126 197104     cutoff   86         8.00000    5.00000  37.5%  69.8  570s
 371025 199302    5.57351   71  170    8.00000    5.00000  37.5%  69.7  575s
 375209 201909    6.05001   80  165    8.00000    5.00000  37.5%  69.7  580s
 378787 203950    5.75000   78  136    8.00000    5.00000  37.5%  69.7  585s
 383115 206396    5.14286   65  175    8.00000    5.00000  37.5%  69.7  590s
 386321 208278    6.00124   80  154    8.00000    5.00000  37.5%  69.7  595s
 389567 210305    5.14286   67  177    8.00000    5.00000  37.5%  69.8  600s
 393104 212479    5.05783   64  221    8.00000    5.00000  37.5%  69.8  605s
 396340 214457    6.27034   87  198    8.00000    5.00000  37.5%  69.9  610s
 399340 216195    6.53451   78  146    8.00000    5.00000  37.5%  70.0  615s
 402882 218478    5.83333   64  189    8.00000    5.00000  37.5%  70.1  620s
 406315 220411    6.97980   90  170    8.00000    5.00000  37.5%  70.1  625s
 409492 222327     cutoff   88         8.00000    5.00000  37.5%  70.1  630s
 412605 224159    5.28222   69  173    8.00000    5.00000  37.5%  70.2  635s
 416039 226239    5.01852   72  182    8.00000    5.00000  37.5%  70.3  641s
 419459 228210    5.00000   67  171    8.00000    5.00000  37.5%  70.4  645s
 422181 229834     cutoff   76         8.00000    5.00000  37.5%  70.5  650s
 425984 232034    7.00000   77  101    8.00000    5.00000  37.5%  70.5  655s
 429292 233966    6.88263   72  137    8.00000    5.00000  37.5%  70.5  660s
 432962 236048    5.34810   74  161    8.00000    5.00000  37.5%  70.5  665s
 436156 237956    6.89130   83  172    8.00000    5.00000  37.5%  70.6  670s
 439218 239711 infeasible   85         8.00000    5.00000  37.5%  70.7  676s
 442155 241295    5.90168   90  209    8.00000    5.00000  37.5%  70.7  680s
 445034 242977    6.65323   67  133    8.00000    5.00000  37.5%  70.8  685s
 448712 245047    5.08333   63  158    8.00000    5.00000  37.5%  70.9  690s
 450620 246130    6.22222   72  151    8.00000    5.00000  37.5%  70.9  695s
 454494 248307    5.00000   76  189    8.00000    5.00000  37.5%  71.0  700s
 457148 249866    5.85304   85  150    8.00000    5.00000  37.5%  71.1  705s
 460422 251785    5.38306   71  211    8.00000    5.00000  37.5%  71.2  710s
 463576 253472    5.37500   56  197    8.00000    5.00000  37.5%  71.2  716s
 466080 255092    5.33333   74  188    8.00000    5.00000  37.5%  71.3  720s
 469102 256936    5.25909   57  204    8.00000    5.00000  37.5%  71.3  725s
 471826 258527    6.00000   75  168    8.00000    5.00000  37.5%  71.4  730s
 475708 260918    5.12118   68  190    8.00000    5.00000  37.5%  71.4  736s
 478413 262380    5.19011   76  188    8.00000    5.00000  37.5%  71.5  740s
 482059 264841    5.00000   45  227    8.00000    5.00000  37.5%  71.5  745s
 484605 266313    5.15033   71  197    8.00000    5.00000  37.5%  71.6  750s
 488206 268259    6.36123   79  166    8.00000    5.00000  37.5%  71.6  755s
 490984 269659    5.00000   59  210    8.00000    5.00000  37.5%  71.6  760s
 493673 271233    5.94614   66  188    8.00000    5.00000  37.5%  71.7  765s
 496620 273074    5.32668   57  194    8.00000    5.00000  37.5%  71.7  770s
 500414 275453    6.35000   75  191    8.00000    5.00000  37.5%  71.8  775s
 504041 277373    5.00000   62  219    8.00000    5.00000  37.5%  71.8  780s
 507929 279642    5.65714   65  188    8.00000    5.00000  37.5%  71.8  785s
 510612 281236    5.32692   72  191    8.00000    5.00000  37.5%  71.9  791s
 513109 282784    5.85000   63  153    8.00000    5.00000  37.5%  71.9  795s
 515865 284352    6.10155   63  152    8.00000    5.00000  37.5%  72.0  800s
 519118 286266    6.60179   99  203    8.00000    5.00000  37.5%  72.0  805s
 521902 287767     cutoff   62         8.00000    5.00000  37.5%  72.0  810s
 524713 289290    6.36189   95  214    8.00000    5.00000  37.5%  72.1  815s
 527392 290743    6.09589   74  222    8.00000    5.00000  37.5%  72.2  821s
 530323 292319    6.00000   64  206    8.00000    5.00000  37.5%  72.2  826s
 533523 294109    5.53911   70  226    8.00000    5.00000  37.5%  72.3  830s
 536158 295540    5.00000   61  218    8.00000    5.00000  37.5%  72.3  835s
 539204 297263    6.31531   67  190    8.00000    5.00000  37.5%  72.4  840s
 542292 299001    5.70390   59  141    8.00000    5.00000  37.5%  72.5  845s
 544988 300672    6.70539   87  204    8.00000    5.00000  37.5%  72.5  850s
 548391 302733    6.34696   74  221    8.00000    5.00000  37.5%  72.6  856s
 551143 304289    5.63407   70  242    8.00000    5.00000  37.5%  72.6  861s
 553454 305548    5.62876   77  209    8.00000    5.00000  37.5%  72.6  865s
 557782 307947    6.17939   70  156    8.00000    5.00000  37.5%  72.7  870s
 560461 309474     cutoff   68         8.00000    5.00000  37.5%  72.7  875s
 563672 311301    5.12500   49  209    8.00000    5.00000  37.5%  72.8  880s
 567410 313411    5.04492   59  182    8.00000    5.00000  37.5%  72.8  885s
 571037 315555    5.68451   61  168    8.00000    5.00000  37.5%  72.8  890s
 573508 316872    5.47619   50  141    8.00000    5.00000  37.5%  72.8  895s
 576969 318749    6.88111   68  179    8.00000    5.00000  37.5%  72.9  900s
 579736 320128    6.17112   76  156    8.00000    5.00000  37.5%  72.9  906s
 582472 321666    5.00000   57  227    8.00000    5.00000  37.5%  73.0  910s
 585146 323226    5.70635   67  185    8.00000    5.00000  37.5%  73.0  915s
 587866 324682    6.33333   73  194    8.00000    5.00000  37.5%  73.1  920s
 590306 325855    6.87172   74  199    8.00000    5.00000  37.5%  73.2  925s
 592667 327153     cutoff   67         8.00000    5.00000  37.5%  73.3  930s
 595637 328588    5.90775   60  182    8.00000    5.00000  37.5%  73.4  935s
 598441 329952    5.78333   71  151    8.00000    5.00000  37.5%  73.5  940s
 600742 331095     cutoff   67         8.00000    5.00000  37.5%  73.5  945s
 603823 332680    5.11487   59  197    8.00000    5.00000  37.5%  73.6  950s
 606308 333985    6.81475   69  180    8.00000    5.00000  37.5%  73.7  956s
 608175 335022     cutoff   76         8.00000    5.00000  37.5%  73.8  960s
 611534 336892    6.49100   71  155    8.00000    5.00000  37.5%  73.9  965s
 613538 337968    5.72427   67  200    8.00000    5.00000  37.5%  74.0  970s
 616467 339562    6.57210   71  210    8.00000    5.00000  37.5%  74.0  975s
 619135 340847    6.41864   78  127    8.00000    5.00000  37.5%  74.1  980s
 622701 342792    6.60643   59  178    8.00000    5.00000  37.5%  74.1  986s
 625448 344271    6.47561   61  209    8.00000    5.00000  37.5%  74.2  990s
 628718 345977     cutoff   69         8.00000    5.00000  37.5%  74.2  995s
 632104 347666    5.49977   65  190    8.00000    5.00000  37.5%  74.2 1000s
 635262 349294    6.51190   72  167    8.00000    5.00000  37.5%  74.2 1005s
 638135 350880    6.61882   74  180    8.00000    5.00000  37.5%  74.2 1010s
 642131 353365    5.46286   61  205    8.00000    5.00000  37.5%  74.3 1016s
 644392 354731    6.01361   82  156    8.00000    5.00000  37.5%  74.3 1020s
 648700 357141    5.63704   77  151    8.00000    5.00000  37.5%  74.3 1025s
 651831 358963    5.38037   77  213    8.00000    5.00000  37.5%  74.3 1030s
 654736 360650    5.46388   60  178    8.00000    5.00000  37.5%  74.3 1035s
 657952 362531    6.78078   76  155    8.00000    5.00000  37.5%  74.3 1040s
 660939 364415    5.30833   78  217    8.00000    5.00000  37.5%  74.3 1045s
 663192 365787    5.40000   69  154    8.00000    5.00000  37.5%  74.4 1050s
 665781 367172    5.32411   74  206    8.00000    5.00000  37.5%  74.5 1055s
 667679 368362    5.02041   59  164    8.00000    5.00000  37.5%  74.5 1060s
 670833 370280    5.74667   72  185    8.00000    5.00000  37.5%  74.6 1065s
 673789 372040    5.12500   59  137    8.00000    5.00000  37.5%  74.7 1070s
 676760 373705    5.00196   61  206    8.00000    5.00000  37.5%  74.8 1075s
 679418 375207     cutoff   62         8.00000    5.00000  37.5%  74.9 1080s
 682540 377014    6.00000   67  199    8.00000    5.00000  37.5%  74.9 1085s
 685198 378600     cutoff   55         8.00000    5.00000  37.5%  75.0 1090s
 687510 379798    6.30000   59  193    8.00000    5.00000  37.5%  75.0 1095s
 690809 381536    5.50000   68  213    8.00000    5.00000  37.5%  75.1 1100s
 693928 383498    6.01342   69  202    8.00000    5.00000  37.5%  75.1 1105s
 696472 385088    5.19524   65  202    8.00000    5.00000  37.5%  75.2 1110s
 699146 386548    5.80263   66  203    8.00000    5.00000  37.5%  75.2 1115s
 702227 388264    5.75586   56  209    8.00000    5.00000  37.5%  75.2 1121s
 705279 390109    5.20000   67  196    8.00000    5.00000  37.5%  75.3 1126s
 707986 391733     cutoff   85         8.00000    5.00000  37.5%  75.3 1130s
 710916 393345    6.16667   65  170    8.00000    5.00000  37.5%  75.4 1136s
 713400 394721    5.29753   69  160    8.00000    5.00000  37.5%  75.4 1140s
 716539 396343    5.00000   62  156    8.00000    5.00000  37.5%  75.5 1145s
 719802 398120    5.90534   72  210    8.00000    5.00000  37.5%  75.5 1150s
 722536 399733    5.20218   67  177    8.00000    5.00000  37.5%  75.6 1155s
 725437 401273    5.66667   65  182    8.00000    5.00000  37.5%  75.6 1160s
 728897 403228    5.01636   48  204    8.00000    5.00000  37.5%  75.6 1165s
 731661 404935    7.00000   99  185    8.00000    5.00000  37.5%  75.7 1170s
 733636 406024    6.14286   56  171    8.00000    5.00000  37.5%  75.7 1175s
 737389 408327    5.00000   54  172    8.00000    5.00000  37.5%  75.7 1180s
 740187 409967     cutoff   87         8.00000    5.00000  37.5%  75.7 1185s
 743308 412001    7.00000   71  114    8.00000    5.00000  37.5%  75.7 1190s
 746505 413845    6.50000   67  132    8.00000    5.00000  37.5%  75.8 1195s
 749382 415453    6.33214   83  170    8.00000    5.00000  37.5%  75.8 1200s
 753285 417739    7.00000   64  129    8.00000    5.00000  37.5%  75.7 1205s
 755569 418999    6.01565   73  215    8.00000    5.00000  37.5%  75.8 1210s
 759093 420953    5.94202   73  220    8.00000    5.00000  37.5%  75.8 1215s
 762254 422693    6.83541   72  149    8.00000    5.00000  37.5%  75.9 1221s
 765414 424308    6.48413   80  154    8.00000    5.00000  37.5%  75.9 1226s
 768272 425921    5.89252   95  225    8.00000    5.00000  37.5%  75.9 1230s
 772052 428306     cutoff   83         8.00000    5.00000  37.5%  75.9 1235s
 776125 430792    6.38679   65  168    8.00000    5.00000  37.5%  75.8 1241s
 779262 432641    6.00000   67  122    8.00000    5.00000  37.5%  75.8 1245s
 783131 435092     cutoff   86         8.00000    5.00000  37.5%  75.8 1250s
 786848 437479    5.56140   59  224    8.00000    5.00000  37.5%  75.8 1255s
 790598 439718    6.10811   73  153    8.00000    5.00000  37.5%  75.7 1260s
 794143 442003    5.01786   71  219    8.00000    5.00000  37.5%  75.7 1265s
 797254 444028    6.58255  100  227    8.00000    5.00000  37.5%  75.7 1271s
 800389 445985    6.60000   80  184    8.00000    5.00000  37.5%  75.7 1275s
 803482 447867    5.84380   60  204    8.00000    5.00000  37.5%  75.7 1281s
 806474 449677    6.19636   86  207    8.00000    5.00000  37.5%  75.7 1285s
 809495 451496    6.48255   78  166    8.00000    5.00000  37.5%  75.8 1290s
 811322 452520     cutoff   66         8.00000    5.00000  37.5%  75.8 1295s
 814154 454343    6.30979   89  207    8.00000    5.00000  37.5%  75.8 1300s
 816912 455759    6.32011   92  198    8.00000    5.00000  37.5%  75.9 1305s
 820406 457766    6.56543  105  205    8.00000    5.00000  37.5%  75.9 1311s
 822949 459253    5.19261   63  230    8.00000    5.00000  37.5%  75.9 1316s
 825318 460688    6.22222   69  186    8.00000    5.00000  37.5%  75.9 1320s
 828789 462665    6.22536   80  190    8.00000    5.00000  37.5%  75.9 1325s
 831173 464166    5.00000   59  184    8.00000    5.00000  37.5%  76.0 1330s
 833605 465575    6.70511   65  204    8.00000    5.00000  37.5%  76.0 1335s
 836891 467425     cutoff   57         8.00000    5.00000  37.5%  76.1 1340s
 839182 468760    5.56423   57  212    8.00000    5.00000  37.5%  76.1 1345s
 842423 470854    6.94667   71  195    8.00000    5.00000  37.5%  76.1 1350s
 845408 472557    6.20000   73  154    8.00000    5.00000  37.5%  76.2 1355s
 847814 473987    5.33333   56  146    8.00000    5.00000  37.5%  76.2 1360s
 851249 476014    5.63775   65  172    8.00000    5.00000  37.5%  76.2 1365s
 854122 477624     cutoff   70         8.00000    5.00000  37.5%  76.3 1370s
 856607 478974    5.00000   49  201    8.00000    5.00000  37.5%  76.3 1375s
 859916 480906    5.32025   68  164    8.00000    5.00000  37.5%  76.3 1380s
 863102 482665    6.47143   77  187    8.00000    5.00000  37.5%  76.4 1385s
 865312 483947    5.70833   68  164    8.00000    5.00000  37.5%  76.4 1390s
 868935 486093    5.17163   71  181    8.00000    5.00000  37.5%  76.4 1395s
 871750 487599    6.29772   78  181    8.00000    5.00000  37.5%  76.4 1400s
 875026 489361 infeasible   71         8.00000    5.00000  37.5%  76.5 1405s
 877729 490711    5.84666   78  195    8.00000    5.00000  37.5%  76.5 1410s
 880294 492024    6.28571   67  124    8.00000    5.00000  37.5%  76.6 1415s
 883192 493490    6.66769   66  187    8.00000    5.00000  37.5%  76.6 1420s
 886662 495220    5.06194   66  269    8.00000    5.00000  37.5%  76.6 1425s
 889687 496631    6.43750   62  188    8.00000    5.00000  37.5%  76.7 1430s
 892804 498272    5.18182   61  199    8.00000    5.00000  37.5%  76.7 1435s
 894996 499414    6.94444   75  155    8.00000    5.00000  37.5%  76.7 1440s
 898604 501454    6.36860   79  179    8.00000    5.00000  37.5%  76.7 1445s
 901345 503115    6.25000   67  140    8.00000    5.00000  37.5%  76.8 1450s
 904732 505168    5.67040   87  193    8.00000    5.00000  37.5%  76.7 1455s
 907660 506870     cutoff   80         8.00000    5.00000  37.5%  76.7 1460s
 911477 509057    6.30612   77  183    8.00000    5.00000  37.5%  76.7 1465s
 914970 511091    6.52976   76  167    8.00000    5.00000  37.5%  76.7 1470s
 918352 513006    5.37500   69  161    8.00000    5.00000  37.5%  76.6 1475s
 922574 515316    6.69252   87  242    8.00000    5.00000  37.5%  76.6 1480s
 925322 516788    5.00000   54  150    8.00000    5.00000  37.5%  76.6 1485s
 929796 519320    6.25525   86  219    8.00000    5.00000  37.5%  76.6 1490s
 933023 521120    5.16667   69  182    8.00000    5.00000  37.5%  76.6 1495s
 935655 522834    5.28061   81  197    8.00000    5.00000  37.5%  76.6 1500s
 939209 525094    5.33333   80  179    8.00000    5.00000  37.5%  76.6 1505s
 941829 526671    6.43343   55  167    8.00000    5.00000  37.5%  76.7 1510s
 944587 528305    5.00000   82  232    8.00000    5.00000  37.5%  76.7 1515s
 946912 529838    5.00000   60  190    8.00000    5.00000  37.5%  76.7 1520s
 949816 531586    5.61670   67  178    8.00000    5.00000  37.5%  76.8 1525s
 952165 532852    5.31250   77  182    8.00000    5.00000  37.5%  76.8 1530s
 955451 534492     cutoff   80         8.00000    5.00000  37.5%  76.8 1535s
 958107 535894     cutoff   76         8.00000    5.00000  37.5%  76.8 1540s
 960936 537537     cutoff   71         8.00000    5.00000  37.5%  76.9 1545s
 964021 539171    6.15805   64  164    8.00000    5.00000  37.5%  76.9 1550s
 966321 540417    6.66429   74  122    8.00000    5.00000  37.5%  76.9 1555s
 969645 542177    5.29939   75  235    8.00000    5.00000  37.5%  76.9 1560s
 973007 544002    6.04003   61  189    8.00000    5.00000  37.5%  77.0 1565s
 975717 545489    5.52943   57  145    8.00000    5.00000  37.5%  77.0 1570s
 978232 546951     cutoff   74         8.00000    5.00000  37.5%  77.0 1575s
 980759 548379    5.79859   74  240    8.00000    5.00000  37.5%  77.0 1580s
 983863 550023    5.88054   80  184    8.00000    5.00000  37.5%  77.0 1585s
 986892 551715    5.07482   60  200    8.00000    5.00000  37.5%  77.1 1590s
 989600 553283    6.00000   69  185    8.00000    5.00000  37.5%  77.1 1596s
 992435 554805    5.77329   63  209    8.00000    5.00000  37.5%  77.1 1600s
 995184 556290    5.15287   60  176    8.00000    5.00000  37.5%  77.1 1605s
 998441 558077    6.11111   78  145    8.00000    5.00000  37.5%  77.1 1610s
 1001931 560081    6.35885   93  208    8.00000    5.00000  37.5%  77.1 1615s
 1004553 561568    5.89164   86  189    8.00000    5.00000  37.5%  77.2 1620s
 1007816 563429    6.59630   77  214    8.00000    5.00000  37.5%  77.2 1625s
 1010822 565009    5.49359   71  178    8.00000    5.00000  37.5%  77.2 1630s
 1013464 566361     cutoff   78         8.00000    5.00000  37.5%  77.2 1635s
 1017146 568219    6.14379   63  189    8.00000    5.00000  37.5%  77.2 1640s
 1019973 569638    5.00000   62  189    8.00000    5.00000  37.5%  77.2 1645s
 1023394 571481    5.16309   74  224    8.00000    5.00000  37.5%  77.3 1650s
 1025662 572643    6.96940   76  168    8.00000    5.00000  37.5%  77.3 1656s
 1027843 573718     cutoff   93         8.00000    5.00000  37.5%  77.3 1660s
 1030615 575298    6.65000   64  158    8.00000    5.00000  37.5%  77.3 1665s
 1032860 576480     cutoff   72         8.00000    5.00000  37.5%  77.4 1670s
 1035628 577927    6.25652   79  218    8.00000    5.00000  37.5%  77.4 1675s
 1038125 579252    5.61153   65  175    8.00000    5.00000  37.5%  77.4 1680s
 1041010 580668    5.98730   60  173    8.00000    5.00000  37.5%  77.4 1685s
 1044141 582386    5.24637   67  189    8.00000    5.00000  37.5%  77.5 1690s
 1047404 584201    6.63599   80  181    8.00000    5.00000  37.5%  77.5 1695s
 1049632 585520    5.44219   83  267    8.00000    5.00000  37.5%  77.5 1700s
 1052709 587147    6.53845   74  191    8.00000    5.00000  37.5%  77.5 1705s
 1055975 589019    5.43750   67  160    8.00000    5.00000  37.5%  77.6 1710s
 1058893 590663    5.64286   64  165    8.00000    5.00000  37.5%  77.6 1715s
 1061409 592144    6.08824   67  155    8.00000    5.00000  37.5%  77.6 1720s
 1065257 594266    5.29573   67  176    8.00000    5.00000  37.5%  77.6 1725s
 1067557 595566    5.38566   62  195    8.00000    5.00000  37.5%  77.7 1730s
 1070741 597409    6.46154   76  194    8.00000    5.00000  37.5%  77.7 1736s
 1073813 599087    5.17475   62  255    8.00000    5.00000  37.5%  77.7 1740s
 1076344 600612    5.00000   57  195    8.00000    5.00000  37.5%  77.7 1745s
 1079678 602830    5.00000   59  190    8.00000    5.00000  37.5%  77.7 1751s
 1082246 604544    6.18311   81  153    8.00000    5.00000  37.5%  77.7 1755s
 1085802 606681    6.09802   68  174    8.00000    5.00000  37.5%  77.7 1760s
 1089191 608721    5.00000   63  209    8.00000    5.00000  37.5%  77.7 1766s
 1092086 610559    5.10514   62  173    8.00000    5.00000  37.5%  77.7 1770s
 1094753 612168    5.99907   50  187    8.00000    5.00000  37.5%  77.7 1775s
 1097744 613880    5.98503   80  196    8.00000    5.00000  37.5%  77.8 1780s
 1100517 615374    5.50000   77  183    8.00000    5.00000  37.5%  77.8 1785s
 1103796 617190    6.59463   58  163    8.00000    5.00000  37.5%  77.8 1790s
 1107192 619114    5.41285   67  206    8.00000    5.00000  37.5%  77.8 1796s
 1109906 620692    6.23637   82  224    8.00000    5.00000  37.5%  77.8 1800s
 1113135 622531    6.72962   74  175    8.00000    5.00000  37.5%  77.8 1805s
 1116459 624680    5.58202   73  189    8.00000    5.00000  37.5%  77.8 1811s
 1118666 626056     cutoff   88         8.00000    5.00000  37.5%  77.8 1815s
 1121240 627406    5.81832   66  183    8.00000    5.00000  37.5%  77.8 1820s
 1124393 629340    5.47716   75  198    8.00000    5.00000  37.5%  77.8 1825s
 1127611 631303    5.00000   71  184    8.00000    5.00000  37.5%  77.8 1830s
 1129533 632460    5.67200   64  167    8.00000    5.00000  37.5%  77.8 1835s
 1132685 634245    5.87203   64  158    8.00000    5.00000  37.5%  77.9 1840s
 1136141 636281    5.88582   69  203    8.00000    5.00000  37.5%  77.9 1845s
 1138668 637705    5.01975   64  202    8.00000    5.00000  37.5%  77.9 1850s
 1141799 639531     cutoff   83         8.00000    5.00000  37.5%  77.9 1855s
 1143966 640726    5.00000   57  166    8.00000    5.00000  37.5%  77.9 1860s
 1147028 642458    5.75630   74  185    8.00000    5.00000  37.5%  77.9 1865s
 1150534 644583    5.45229   66  198    8.00000    5.00000  37.5%  78.0 1870s
 1153061 646029    6.00560   68  160    8.00000    5.00000  37.5%  78.0 1875s
 1156209 647758    5.31390   71  227    8.00000    5.00000  37.5%  78.0 1880s
 1158635 649125    6.21326   78  163    8.00000    5.00000  37.5%  78.0 1885s
 1161077 650478    5.55201   68  179    8.00000    5.00000  37.5%  78.0 1890s
 1164494 652356    6.74158   76  163    8.00000    5.00000  37.5%  78.1 1895s
 1167359 653986    5.00000   54  188    8.00000    5.00000  37.5%  78.1 1900s
 1169991 655377    5.11428   68  210    8.00000    5.00000  37.5%  78.1 1905s
 1172523 656828    5.73182   77  196    8.00000    5.00000  37.5%  78.1 1910s
 1176042 658861    6.00000   65  178    8.00000    5.00000  37.5%  78.2 1915s
 1179824 661071    5.50000   57  169    8.00000    5.00000  37.5%  78.2 1921s
 1181618 662085    6.09259   68  146    8.00000    5.00000  37.5%  78.2 1925s
 1185528 664164    6.93001   79  144    8.00000    5.00000  37.5%  78.2 1930s
 1188104 665562    5.50000   70  197    8.00000    5.00000  37.5%  78.2 1935s
 1190925 667120    6.13824   68  183    8.00000    5.00000  37.5%  78.2 1940s
 1193722 668679    5.29445   61  196    8.00000    5.00000  37.5%  78.3 1945s
 1196295 670005    6.73810   63  179    8.00000    5.00000  37.5%  78.3 1950s
 1198784 671439    6.50848   72  207    8.00000    5.00000  37.5%  78.3 1955s
 1202821 673640    5.23897   72  209    8.00000    5.00000  37.5%  78.3 1960s
 1205556 675213    5.05606   68  184    8.00000    5.00000  37.5%  78.4 1965s
 1208724 676960     cutoff   72         8.00000    5.00000  37.5%  78.4 1970s
 1211400 678387    5.88999   77  205    8.00000    5.00000  37.5%  78.4 1975s
 1214197 679767     cutoff   81         8.00000    5.00000  37.5%  78.4 1980s
 1217789 681868     cutoff   83         8.00000    5.00000  37.5%  78.4 1985s
 1220178 683143    5.25000   59  150    8.00000    5.00000  37.5%  78.4 1990s
 1223427 684976    6.65715   82  155    8.00000    5.00000  37.5%  78.4 1995s
 1226528 686522    5.42222   64  132    8.00000    5.00000  37.5%  78.5 2000s
 1229117 687983    5.66667   64  180    8.00000    5.00000  37.5%  78.5 2006s
 1231805 689437    5.80000   76  147    8.00000    5.00000  37.5%  78.5 2011s
 1235197 691232    6.00097   82  199    8.00000    5.00000  37.5%  78.5 2016s
 1236132 691697    6.71681   73  169    8.00000    5.00000  37.5%  78.5 2020s
 1239572 693378    6.29262   72  154    8.00000    5.00000  37.5%  78.6 2025s
 1242354 694971    5.28070   59  187    8.00000    5.00000  37.5%  78.6 2030s
 1245564 696653    5.54286   65  173    8.00000    5.00000  37.5%  78.6 2035s
 1248505 698225    5.60714   72  194    8.00000    5.00000  37.5%  78.6 2040s
 1251499 699765    6.74751   64  199    8.00000    5.00000  37.5%  78.7 2046s
 1253904 700851    5.73753   52  180    8.00000    5.00000  37.5%  78.7 2050s
 1257109 702507    6.42389   93  212    8.00000    5.00000  37.5%  78.7 2055s
 1259094 703590    6.87483   85  191    8.00000    5.00000  37.5%  78.8 2060s
 1261356 704765    5.68301   66  177    8.00000    5.00000  37.5%  78.8 2065s
 1264565 706444    5.78017   60  216    8.00000    5.00000  37.5%  78.8 2070s
 1266595 707431    5.51612   65  237    8.00000    5.00000  37.5%  78.8 2075s
 1269457 708904    5.25278   60  277    8.00000    5.00000  37.5%  78.9 2080s
 1271921 710215    6.72222   63  180    8.00000    5.00000  37.5%  78.9 2085s
 1274950 711844    5.89024   64  197    8.00000    5.00000  37.5%  78.9 2090s
 1277813 713307    5.50478   78  212    8.00000    5.00000  37.5%  78.9 2095s
 1280157 714539    6.15378   53  211    8.00000    5.00000  37.5%  79.0 2100s
 1281980 715479     cutoff   82         8.00000    5.00000  37.5%  79.0 2105s
 1285058 717166    5.65614   54  177    8.00000    5.00000  37.5%  79.0 2110s
 1289130 719382    5.35600   64  156    8.00000    5.00000  37.5%  79.0 2115s
 1292102 721048    5.00000   61  204    8.00000    5.00000  37.5%  79.0 2120s
 1295779 723165    6.70532   97  165    8.00000    5.00000  37.5%  79.0 2125s
 1298548 724683    6.03969   74  191    8.00000    5.00000  37.5%  79.0 2130s
 1301444 726236    6.00000   60  113    8.00000    5.00000  37.5%  79.0 2135s
 1305292 728324    5.00000   51  154    8.00000    5.00000  37.5%  79.1 2141s
 1308285 730011    6.37251   63  170    8.00000    5.00000  37.5%  79.1 2145s
 1311499 731981    5.52310   72  201    8.00000    5.00000  37.5%  79.1 2150s
 1314168 733446    5.91892   67  181    8.00000    5.00000  37.5%  79.1 2155s
 1317388 735278    5.43365   64  220    8.00000    5.00000  37.5%  79.1 2160s
 1320583 737107    6.43690   67  142    8.00000    5.00000  37.5%  79.1 2165s
 1323264 738680    6.68957   66  162    8.00000    5.00000  37.5%  79.1 2170s
 1326052 740245    6.84375   75  175    8.00000    5.00000  37.5%  79.1 2176s
 1328328 741483    5.12500   56  113    8.00000    5.00000  37.5%  79.1 2180s
 1331310 743230    5.68981   61  181    8.00000    5.00000  37.5%  79.1 2185s
 1334998 745244    5.88291   65  213    8.00000    5.00000  37.5%  79.1 2190s
 1337560 746724     cutoff   80         8.00000    5.00000  37.5%  79.1 2196s
 1340834 748549    5.50000   62  232    8.00000    5.00000  37.5%  79.1 2200s
 1344109 750307    5.72755   63  175    8.00000    5.00000  37.5%  79.1 2205s
 1347166 752070    5.76883   66  203    8.00000    5.00000  37.5%  79.1 2210s
 1349914 753467     cutoff   78         8.00000    5.00000  37.5%  79.2 2216s
 1352637 754926    6.67713   74  201    8.00000    5.00000  37.5%  79.2 2220s
 1355305 756426    6.86667   64  210    8.00000    5.00000  37.5%  79.2 2225s
 1358395 757987    5.49951   52  198    8.00000    5.00000  37.5%  79.2 2230s
 1360981 759487    5.40000   66  177    8.00000    5.00000  37.5%  79.2 2235s
 1364400 761431    6.00000   67  166    8.00000    5.00000  37.5%  79.2 2240s
 1366692 762682    5.57353   69  199    8.00000    5.00000  37.5%  79.2 2245s
 1370032 764508    6.33245   71  190    8.00000    5.00000  37.5%  79.3 2251s
 1371967 765527    6.16667   64  161    8.00000    5.00000  37.5%  79.3 2255s
 1375349 767406    7.00000   80  169    8.00000    5.00000  37.5%  79.3 2260s
 1376592 768012    5.60185   66  137    8.00000    5.00000  37.5%  79.3 2265s
 1378789 769093    5.77778   79  181    8.00000    5.00000  37.5%  79.3 2270s
 1382499 771008    5.08874   66  181    8.00000    5.00000  37.5%  79.4 2276s
 1385761 772656    5.00000   54  164    8.00000    5.00000  37.5%  79.4 2281s
 1388088 773949     cutoff   76         8.00000    5.00000  37.5%  79.4 2285s
 1391039 775490    5.71851   64  171    8.00000    5.00000  37.5%  79.4 2290s
 1394780 777472    6.60778   88  192    8.00000    5.00000  37.5%  79.4 2296s
 1397397 778899    5.39478   68  146    8.00000    5.00000  37.5%  79.4 2301s
 1400463 780489    6.88889   82  154    8.00000    5.00000  37.5%  79.4 2305s
 1402598 781585    7.00000   70   92    8.00000    5.00000  37.5%  79.5 2310s
 1405158 782769     cutoff   75         8.00000    5.00000  37.5%  79.5 2315s
 1408312 784330    5.39375   75  214    8.00000    5.00000  37.5%  79.5 2321s
 1411476 786020    5.00000   59  180    8.00000    5.00000  37.5%  79.5 2325s
 1414900 787783    5.00000   53  173    8.00000    5.00000  37.5%  79.5 2331s
 1417951 789154    6.64603   73  177    8.00000    5.00000  37.5%  79.5 2335s
 1420977 790632    5.03790   58  202    8.00000    5.00000  37.5%  79.5 2340s
 1422683 791453    5.11111   64  167    8.00000    5.00000  37.5%  79.5 2345s
 1426561 793975    5.00000   63  186    8.00000    5.00000  37.5%  79.6 2350s
 1430280 796473    6.31321   92  185    8.00000    5.00000  37.5%  79.5 2355s
 1433673 798528    6.03293   88  196    8.00000    5.00000  37.5%  79.5 2360s
 1436380 800166    7.00000   72  155    8.00000    5.00000  37.5%  79.5 2365s
 1440473 802657    6.54748   64  150    8.00000    5.00000  37.5%  79.5 2370s
 1443628 804708    6.13710   74  195    8.00000    5.00000  37.5%  79.5 2375s
 1447152 806772    5.47645   67  170    8.00000    5.00000  37.5%  79.5 2380s
 1449971 808430    5.18443   66  160    8.00000    5.00000  37.5%  79.5 2385s
 1453460 810521    5.16667   60  170    8.00000    5.00000  37.5%  79.4 2390s
 1456587 812353    5.37308   64  197    8.00000    5.00000  37.5%  79.4 2395s
 1459450 814140    5.15881   62  193    8.00000    5.00000  37.5%  79.4 2400s
 1462310 815818    5.26667   74  192    8.00000    5.00000  37.5%  79.4 2405s
 1465538 817737    5.49672   78  177    8.00000    5.00000  37.5%  79.4 2410s
 1468672 819565    5.22055   66  215    8.00000    5.00000  37.5%  79.4 2415s
 1471677 821320    6.09194   81  164    8.00000    5.00000  37.5%  79.4 2420s
 1475638 823594    5.61962   69  206    8.00000    5.00000  37.5%  79.4 2425s
 1478361 825261    5.07925   57  191    8.00000    5.00000  37.5%  79.4 2430s
 1481982 827264    5.02797   64  170    8.00000    5.00000  37.5%  79.3 2435s
 1484858 828898    5.03538   65  190    8.00000    5.00000  37.5%  79.3 2440s
 1488991 831373    6.17373   70  179    8.00000    5.00000  37.5%  79.3 2445s
 1491285 832683    5.49162   64  197    8.00000    5.00000  37.5%  79.3 2450s
 1494352 834476    6.55556   62  172    8.00000    5.00000  37.5%  79.3 2455s
 1497750 836469    6.60000   79  147    8.00000    5.00000  37.5%  79.3 2460s
 1500694 838091     cutoff   73         8.00000    5.00000  37.5%  79.3 2465s
 1504333 840129    6.50000   75  179    8.00000    5.00000  37.5%  79.3 2470s
 1507343 841677    6.45063   65  178    8.00000    5.00000  37.5%  79.3 2475s
 1510065 843117    5.79778   63  202    8.00000    5.00000  37.5%  79.3 2480s
 1513473 845187     cutoff   74         8.00000    5.00000  37.5%  79.3 2485s
 1517457 847437     cutoff   91         8.00000    5.00000  37.5%  79.3 2490s
 1520708 849349    5.28668   68  188    8.00000    5.00000  37.5%  79.3 2495s
 1523077 850718    6.72902   77  173    8.00000    5.00000  37.5%  79.3 2500s
 1526120 852429    5.26557   77  168    8.00000    5.00000  37.5%  79.3 2505s
 1530054 854730    5.27407   72  185    8.00000    5.00000  37.5%  79.3 2511s
 1532722 856324    5.98295   82  211    8.00000    5.00000  37.5%  79.3 2515s
 1535994 858169     cutoff   62         8.00000    5.00000  37.5%  79.3 2520s
 1538272 859443    6.97846   64  193    8.00000    5.00000  37.5%  79.3 2525s
 1540446 860604    5.00000   64  175    8.00000    5.00000  37.5%  79.3 2530s
 1544037 862624    5.26838   71  198    8.00000    5.00000  37.5%  79.3 2535s
 1546930 864239    6.62500   82  177    8.00000    5.00000  37.5%  79.3 2540s
 1549987 865882    6.40000   67  141    8.00000    5.00000  37.5%  79.3 2545s
 1551785 866792    6.03333   64  175    8.00000    5.00000  37.5%  79.3 2550s
 1556337 869065    5.50448   73  184    8.00000    5.00000  37.5%  79.3 2555s
 1558264 870187    5.00000   55  136    8.00000    5.00000  37.5%  79.3 2560s
 1562217 872512    5.72306   63  195    8.00000    5.00000  37.5%  79.3 2565s
 1564916 873971    5.95000   58  162    8.00000    5.00000  37.5%  79.3 2570s
 1568334 875966    5.53702   66  197    8.00000    5.00000  37.5%  79.3 2575s
 1570940 877451    6.66113   85  191    8.00000    5.00000  37.5%  79.3 2580s
 1574301 879316    6.94878   69  175    8.00000    5.00000  37.5%  79.3 2585s
 1577113 880934    5.50000   62  165    8.00000    5.00000  37.5%  79.3 2590s
 1580878 883092     cutoff   71         8.00000    5.00000  37.5%  79.3 2595s
 1583979 884880    5.93955   58  165    8.00000    5.00000  37.5%  79.3 2600s
 1587474 886943    6.93333   64  135    8.00000    5.00000  37.5%  79.3 2605s
 1590396 888538    6.10092   68  188    8.00000    5.00000  37.5%  79.3 2610s
 1592985 889967    5.75000   69  168    8.00000    5.00000  37.5%  79.3 2615s
 1596478 891934    6.93403   73  138    8.00000    5.00000  37.5%  79.3 2620s
 1599169 893429    6.33333   68  143    8.00000    5.00000  37.5%  79.3 2625s
 1602225 895010     cutoff   70         8.00000    5.00000  37.5%  79.3 2630s
 1605315 896625     cutoff   90         8.00000    5.00000  37.5%  79.3 2635s
 1608895 898524    6.04046   68  164    8.00000    5.00000  37.5%  79.3 2640s
 1612279 900451    5.54367   81  215    8.00000    5.00000  37.5%  79.3 2646s
 1614918 902079     cutoff   81         8.00000    5.00000  37.5%  79.3 2650s
 1618569 904198    6.76072   93  201    8.00000    5.00000  37.5%  79.3 2655s
 1620685 905384    6.80666   85  165    8.00000    5.00000  37.5%  79.3 2660s
 1624019 907278    6.31785   73  163    8.00000    5.00000  37.5%  79.2 2665s
 1627044 908965    5.46573   72  206    8.00000    5.00000  37.5%  79.2 2670s
 1629371 910335    6.00871   81  196    8.00000    5.00000  37.5%  79.2 2675s
 1632854 912202    5.63285   74  187    8.00000    5.00000  37.5%  79.3 2681s
 1635420 913658    5.13236   60  197    8.00000    5.00000  37.5%  79.3 2685s
 1638461 915353    5.33333   70  198    8.00000    5.00000  37.5%  79.3 2690s
 1641671 917211    5.94134   82  178    8.00000    5.00000  37.5%  79.3 2696s
 1644339 918654    5.66667   79  185    8.00000    5.00000  37.5%  79.3 2700s
 1647443 920416    5.45946   64  167    8.00000    5.00000  37.5%  79.3 2705s
 1650605 922075    5.94192   94  215    8.00000    5.00000  37.5%  79.3 2710s
 1653525 923826    6.11460   76  223    8.00000    5.00000  37.5%  79.3 2715s
 1655893 925188    5.63975   67  207    8.00000    5.00000  37.5%  79.3 2720s
 1659889 927366    6.47413   80  183    8.00000    5.00000  37.5%  79.3 2725s
 1662940 928992    6.05306   70  162    8.00000    5.00000  37.5%  79.3 2730s
 1666434 931063    5.00641   64  237    8.00000    5.00000  37.5%  79.3 2736s
 1669067 932591     cutoff   82         8.00000    5.00000  37.5%  79.3 2741s
 1670973 933666    5.55945   78  210    8.00000    5.00000  37.5%  79.3 2745s
 1674008 935445    5.75651   78  227    8.00000    5.00000  37.5%  79.3 2750s
 1676665 936955    5.77908   67  170    8.00000    5.00000  37.5%  79.3 2755s
 1679714 938734    5.08573   66  220    8.00000    5.00000  37.5%  79.3 2760s
 1682800 940400    5.15771   60  214    8.00000    5.00000  37.5%  79.3 2765s
 1686423 942454    6.45957   88  193    8.00000    5.00000  37.5%  79.3 2770s
 1689488 944259    6.07784   87  184    8.00000    5.00000  37.5%  79.3 2775s
 1692890 946172    5.08333   72  155    8.00000    5.00000  37.5%  79.3 2780s
 1695706 947804    6.12500   70  171    8.00000    5.00000  37.5%  79.3 2785s
 1698417 949378    6.28206   84  168    8.00000    5.00000  37.5%  79.3 2790s
 1701344 951084    5.65203   79  195    8.00000    5.00000  37.5%  79.3 2795s
 1703815 952401    5.08834   58  200    8.00000    5.00000  37.5%  79.3 2800s
 1706693 953993     cutoff   74         8.00000    5.00000  37.5%  79.3 2805s
 1709683 955639    5.54541   76  187    8.00000    5.00000  37.5%  79.3 2810s
 1712149 956996    5.00000   79  188    8.00000    5.00000  37.5%  79.3 2815s
 1714765 958401    5.00000   67  199    8.00000    5.00000  37.5%  79.3 2820s
 1718403 960501    6.00000   72  137    8.00000    5.00000  37.5%  79.3 2825s
 1721374 962248    5.23512   75  203    8.00000    5.00000  37.5%  79.3 2830s
 1724449 963940    6.50126   83  241    8.00000    5.00000  37.5%  79.3 2835s
 1727317 965614    5.00000   61  164    8.00000    5.00000  37.5%  79.3 2840s
 1730235 967254    6.69165   68  176    8.00000    5.00000  37.5%  79.3 2845s
 1733882 969402    6.23413   72  190    8.00000    5.00000  37.5%  79.3 2851s
 1736817 971115    6.67391   84  193    8.00000    5.00000  37.5%  79.3 2855s
 1739854 972800    5.00000   60  196    8.00000    5.00000  37.5%  79.3 2860s
 1742497 974294    6.17012   80  183    8.00000    5.00000  37.5%  79.3 2865s
 1746245 976517    6.93434   85  151    8.00000    5.00000  37.5%  79.3 2870s
 1750174 978724    5.00000   71  188    8.00000    5.00000  37.5%  79.3 2875s
 1753677 980614    5.60439   64  212    8.00000    5.00000  37.5%  79.2 2880s
 1757821 982912    5.21412   66  171    8.00000    5.00000  37.5%  79.2 2885s
 1761896 985081    5.61069   66  157    8.00000    5.00000  37.5%  79.2 2891s
 1764606 986659    5.73684   63  180    8.00000    5.00000  37.5%  79.2 2896s
 1768173 988731    6.33835   76  178    8.00000    5.00000  37.5%  79.2 2901s
 1771075 990317     cutoff   71         8.00000    5.00000  37.5%  79.2 2905s
 1774459 992155    5.00000   65  177    8.00000    5.00000  37.5%  79.1 2910s
 1777772 993986    6.00000   78  184    8.00000    5.00000  37.5%  79.1 2915s
 1781062 995729    6.54377   68  180    8.00000    5.00000  37.5%  79.1 2920s
 1784186 997489    5.52727   69  167    8.00000    5.00000  37.5%  79.1 2925s
 1787808 999599    6.22047   77  239    8.00000    5.00000  37.5%  79.1 2930s
 1790161 1000973    5.29313   65  214    8.00000    5.00000  37.5%  79.1 2935s
 1792649 1002363    5.57059   59  184    8.00000    5.00000  37.5%  79.1 2940s
 1796830 1004528    5.25405   55  204    8.00000    5.00000  37.5%  79.1 2945s
 1799711 1005968     cutoff   76         8.00000    5.00000  37.5%  79.1 2950s
 1803088 1007729    5.00000   53  236    8.00000    5.00000  37.5%  79.1 2955s
 1805447 1009080     cutoff   78         8.00000    5.00000  37.5%  79.1 2960s
 1811051 1012013    5.26050   76  188    8.00000    5.00000  37.5%  79.0 2967s
 1813418 1013162     cutoff   67         8.00000    5.00000  37.5%  79.0 2970s
 1816357 1014668    6.11111   70  179    8.00000    5.00000  37.5%  79.0 2975s
 1820097 1016574     cutoff   85         8.00000    5.00000  37.5%  79.0 2981s
 1823181 1018142    5.13678   65  188    8.00000    5.00000  37.5%  79.0 2986s
 1826098 1019558    6.99309   76  192    8.00000    5.00000  37.5%  79.0 2990s
 1829914 1021553    6.40000   56  152    8.00000    5.00000  37.5%  79.0 2995s
 1832641 1023054    5.00587   69  209    8.00000    5.00000  37.5%  79.0 3000s
 1836764 1025257    6.20344   75  178    8.00000    5.00000  37.5%  79.0 3005s
 1840517 1027237    5.70000   77  176    8.00000    5.00000  37.5%  78.9 3010s
 1844353 1029495    5.10431   60  197    8.00000    5.00000  37.5%  78.9 3015s
 1848530 1031620    6.85714   72  154    8.00000    5.00000  37.5%  78.9 3020s
 1850760 1032826    5.40542   71  238    8.00000    5.00000  37.5%  78.9 3025s
 1856029 1035608    6.15899   64  142    8.00000    5.00000  37.5%  78.9 3030s
 1859724 1037686     cutoff   75         8.00000    5.00000  37.5%  78.9 3035s
 1863039 1039411    6.08704   67  207    8.00000    5.00000  37.5%  78.9 3040s
 1867242 1041492    5.29025   58  201    8.00000    5.00000  37.5%  78.8 3046s
 1870608 1043333    6.06351   55  176    8.00000    5.00000  37.5%  78.8 3050s
 1873447 1044926    5.00000   76  224    8.00000    5.00000  37.5%  78.8 3055s
 1877387 1047308    6.47700  111  177    8.00000    5.00000  37.5%  78.8 3060s
 1880174 1048935    5.75888   83  184    8.00000    5.00000  37.5%  78.8 3065s
 1882371 1050188    5.62438   49  158    8.00000    5.00000  37.5%  78.8 3070s
 1884919 1051712    6.31544   68  197    8.00000    5.00000  37.5%  78.9 3075s
 1887967 1053399    5.80952   59  139    8.00000    5.00000  37.5%  78.9 3080s
 1890071 1054538    5.14881   57  228    8.00000    5.00000  37.5%  78.9 3085s
 1893558 1056526     cutoff   67         8.00000    5.00000  37.5%  78.9 3090s
 1896574 1058269    6.40721   87  237    8.00000    5.00000  37.5%  78.9 3095s
 1899026 1059655    5.00000   56  193    8.00000    5.00000  37.5%  78.9 3100s
 1903053 1061787    5.38492   56  180    8.00000    5.00000  37.5%  78.9 3105s
 1905530 1063183     cutoff   99         8.00000    5.00000  37.5%  78.9 3110s
 1909127 1065312    5.00000   51  168    8.00000    5.00000  37.5%  78.9 3115s
 1912292 1067085    5.14353   64  190    8.00000    5.00000  37.5%  78.9 3121s
 1914896 1068488    6.07847   68  190    8.00000    5.00000  37.5%  78.9 3125s
 1917560 1070000    6.58185   82  210    8.00000    5.00000  37.5%  78.9 3130s
 1920165 1071424    6.38889   70  181    8.00000    5.00000  37.5%  78.9 3135s
 1924316 1073778    5.86420   78  229    8.00000    5.00000  37.5%  78.9 3140s
 1926345 1075005    5.19515   64  207    8.00000    5.00000  37.5%  78.9 3145s
 1929787 1076994    5.17547   65  233    8.00000    5.00000  37.5%  78.9 3150s
 1932490 1078611    6.92083   55  154    8.00000    5.00000  37.5%  79.0 3156s
 1934455 1079726    5.43403   63  168    8.00000    5.00000  37.5%  79.0 3160s
 1937650 1081469    6.86594   96  185    8.00000    5.00000  37.5%  79.0 3165s
 1940436 1082938    5.75000   60  160    8.00000    5.00000  37.5%  79.0 3170s
 1942751 1084253    5.00000   61  179    8.00000    5.00000  37.5%  79.0 3175s
 1945997 1086069    6.03980   57  196    8.00000    5.00000  37.5%  79.0 3180s
 1949099 1087905    5.23066   68  174    8.00000    5.00000  37.5%  79.0 3185s
 1951255 1089122    6.00340   54  156    8.00000    5.00000  37.5%  79.0 3190s
 1954858 1091156    6.25000   59  160    8.00000    5.00000  37.5%  79.1 3196s
 1957841 1092812    6.00000   85  173    8.00000    5.00000  37.5%  79.1 3200s
 1960965 1094403    6.67306   70  175    8.00000    5.00000  37.5%  79.1 3205s
 1963607 1095965    6.98179   92  198    8.00000    5.00000  37.5%  79.1 3211s
 1966824 1097756    6.25000   62  177    8.00000    5.00000  37.5%  79.1 3215s
 1969167 1098913     cutoff   74         8.00000    5.00000  37.5%  79.1 3220s
 1973256 1100827     cutoff   72         8.00000    5.00000  37.5%  79.1 3225s
 1975964 1102227    6.54497   59  157    8.00000    5.00000  37.5%  79.1 3230s
 1978952 1103678    5.06534   60  232    8.00000    5.00000  37.5%  79.1 3235s
 1981442 1104911    5.16667   65  206    8.00000    5.00000  37.5%  79.1 3240s
 1984283 1106362    5.34963   70  199    8.00000    5.00000  37.5%  79.1 3245s
 1986845 1107752    6.21875   58  181    8.00000    5.00000  37.5%  79.1 3250s
 1990737 1109804     cutoff   94         8.00000    5.00000  37.5%  79.1 3255s
 1993954 1111549    6.59752   69  214    8.00000    5.00000  37.5%  79.1 3260s
 1996051 1112686    5.02083   72  178    8.00000    5.00000  37.5%  79.2 3265s
 1999539 1114665    6.13464   67  178    8.00000    5.00000  37.5%  79.2 3270s
 2002506 1116286    5.14545   66  214    8.00000    5.00000  37.5%  79.2 3275s
 2005370 1117674    6.39392   89  190    8.00000    5.00000  37.5%  79.2 3281s
 2007436 1118728     cutoff   65         8.00000    5.00000  37.5%  79.2 3285s
 2010366 1120220    5.65319   63  193    8.00000    5.00000  37.5%  79.2 3290s
 2012791 1121582    6.00000   56  161    8.00000    5.00000  37.5%  79.3 3295s
 2015353 1123016    5.00000   61  206    8.00000    5.00000  37.5%  79.3 3300s
 2018347 1124742    6.08000   57  191    8.00000    5.00000  37.5%  79.3 3305s
 2021700 1126633    6.72719   80  196    8.00000    5.00000  37.5%  79.3 3312s
 2024175 1127971    7.00000   76  145    8.00000    5.00000  37.5%  79.3 3315s
 2026826 1129443    6.69126   69  153    8.00000    5.00000  37.5%  79.3 3320s
 2028928 1130631    5.12381   57  171    8.00000    5.00000  37.5%  79.3 3325s
 2032178 1132443    6.83333   81  174    8.00000    5.00000  37.5%  79.3 3331s
 2034185 1133665    6.60303   66  167    8.00000    5.00000  37.5%  79.3 3335s
 2036847 1135343    6.69634   82  193    8.00000    5.00000  37.5%  79.3 3340s
 2039737 1136895    5.00000   64  191    8.00000    5.00000  37.5%  79.3 3345s
 2042311 1138362    5.33346   69  213    8.00000    5.00000  37.5%  79.3 3350s
 2044998 1139860    6.06250   61  173    8.00000    5.00000  37.5%  79.3 3355s
 2047988 1141487    5.55405   68  165    8.00000    5.00000  37.5%  79.3 3360s
 2051574 1143447     cutoff   71         8.00000    5.00000  37.5%  79.3 3365s
 2054294 1144986    6.24608   76  204    8.00000    5.00000  37.5%  79.3 3370s
 2057105 1146488    6.53704   82  147    8.00000    5.00000  37.5%  79.4 3375s
 2060071 1148017    5.00000   73  177    8.00000    5.00000  37.5%  79.4 3380s
 2063639 1150005    5.10189   59  221    8.00000    5.00000  37.5%  79.4 3386s
 2066261 1151393    5.95408   67  156    8.00000    5.00000  37.5%  79.4 3390s
 2069169 1152943     cutoff   69         8.00000    5.00000  37.5%  79.4 3395s
 2072283 1154758    5.24000   57  180    8.00000    5.00000  37.5%  79.4 3400s
 2074916 1156337    5.50000   66  140    8.00000    5.00000  37.5%  79.4 3405s
 2077643 1157858    5.27978   70  206    8.00000    5.00000  37.5%  79.4 3411s
 2080381 1159206    5.51366   76  179    8.00000    5.00000  37.5%  79.4 3415s
 2083158 1160739    5.22222   72  193    8.00000    5.00000  37.5%  79.5 3420s
 2085599 1162036    6.51587   80  197    8.00000    5.00000  37.5%  79.5 3425s
 2088635 1163682    5.80706   72  182    8.00000    5.00000  37.5%  79.5 3430s
 2091256 1165032     cutoff   86         8.00000    5.00000  37.5%  79.5 3435s
 2093521 1166204    5.34877   56  176    8.00000    5.00000  37.5%  79.5 3440s
 2096091 1167600    5.20598   68  197    8.00000    5.00000  37.5%  79.5 3445s
 2098803 1169104    5.57143   59  177    8.00000    5.00000  37.5%  79.5 3450s
 2101932 1170782    6.50000   74  184    8.00000    5.00000  37.5%  79.5 3455s
 2104774 1172396    6.00000   87  187    8.00000    5.00000  37.5%  79.5 3460s
 2107432 1173755    6.25000   67  189    8.00000    5.00000  37.5%  79.6 3465s
 2111238 1175815     cutoff   79         8.00000    5.00000  37.5%  79.6 3470s
 2113636 1176995    5.04348   61  199    8.00000    5.00000  37.5%  79.6 3475s
 2116562 1178635    6.09551   75  210    8.00000    5.00000  37.5%  79.6 3480s
 2119196 1180066    5.34760   65  211    8.00000    5.00000  37.5%  79.6 3485s
 2121881 1181506    5.00909   67  200    8.00000    5.00000  37.5%  79.6 3491s
 2124203 1182801    5.01018   60  225    8.00000    5.00000  37.5%  79.6 3495s
 2127016 1184425    7.00000   74  144    8.00000    5.00000  37.5%  79.6 3500s
 2129805 1185977    5.30547   81  207    8.00000    5.00000  37.5%  79.7 3506s
 2132180 1187269    5.00000   79  197    8.00000    5.00000  37.5%  79.7 3510s
 2135121 1188886    5.33531   73  203    8.00000    5.00000  37.5%  79.7 3515s
 2137885 1190364    6.58550   85  206    8.00000    5.00000  37.5%  79.7 3520s
 2140797 1191951    6.04021   83  217    8.00000    5.00000  37.5%  79.7 3525s
 2143696 1193672    6.31162   70  199    8.00000    5.00000  37.5%  79.7 3530s
 2144983 1194492    5.00000   68  183    8.00000    5.00000  37.5%  79.7 3535s
 2148095 1196334    5.36985   82  183    8.00000    5.00000  37.5%  79.7 3540s
 2150925 1197881    6.86111   82  176    8.00000    5.00000  37.5%  79.7 3545s
 2154630 1199989    6.10997   71  168    8.00000    5.00000  37.5%  79.7 3550s
 2157869 1201727    6.96250   81  175    8.00000    5.00000  37.5%  79.7 3555s
 2160798 1203466    5.00000   74  199    8.00000    5.00000  37.5%  79.7 3560s
 2163242 1204815     cutoff   86         8.00000    5.00000  37.5%  79.7 3565s
 2166677 1206783    5.12452   60  176    8.00000    5.00000  37.5%  79.7 3570s
 2169928 1208555    6.31250   77  174    8.00000    5.00000  37.5%  79.7 3575s
 2172907 1210173    5.24504   75  208    8.00000    5.00000  37.5%  79.7 3580s
 2175339 1211696    5.03571   54  163    8.00000    5.00000  37.5%  79.7 3586s
 2178409 1213608    5.50000   64  192    8.00000    5.00000  37.5%  79.7 3591s
 2181911 1215634    7.00000   76   80    8.00000    5.00000  37.5%  79.7 3595s
 2186051 1217983    7.00000   58  134    8.00000    5.00000  37.5%  79.7 3600s

Cutting planes:
  Gomory: 28
  MIR: 1
  Flow cover: 1
  Inf proof: 42
  Zero half: 62

Explored 2186514 nodes (174184227 simplex iterations) in 3600.01 seconds
Thread count was 4 (of 4 available processors)

Solution count 10: 8 9 10 ... 48

Time limit reached
Best objective 8.000000000000e+00, best bound 5.000000000000e+00, gap 37.5000%
8.0
