matriz 15x15
[0, 0, 0, 0, 0, 1, 0, 1, 0, 1, 0, 0, 0, 1, 0]
[0, 0, 0, 0, 0, 1, 0, 0, 0, 0, 1, 0, 1, 0, 0]
[0, 0, 1, 0, 0, 1, 0, 0, 0, 0, 0, 1, 0, 0, 0]
[0, 0, 0, 0, 0, 1, 1, 0, 0, 0, 0, 0, 1, 0, 0]
[0, 1, 0, 0, 0, 0, 1, 0, 0, 0, 0, 0, 0, 0, 0]
[0, 1, 0, 0, 0, 1, 0, 0, 0, 0, 0, 0, 0, 1, 0]
[0, 0, 1, 0, 0, 0, 0, 0, 0, 0, 0, 0, 1, 0, 0]
[0, 1, 1, 1, 1, 0, 0, 1, 0, 0, 0, 0, 0, 0, 0]
[0, 0, 0, 0, 1, 1, 0, 0, 0, 1, 0, 0, 0, 1, 0]
[0, 0, 0, 0, 1, 0, 1, 0, 0, 0, 0, 0, 0, 0, 1]
[0, 0, 0, 1, 1, 0, 1, 1, 0, 0, 0, 0, 0, 0, 0]
[0, 0, 0, 1, 0, 0, 0, 0, 1, 0, 0, 0, 0, 1, 0]
[0, 0, 1, 0, 1, 0, 0, 0, 1, 0, 0, 1, 0, 0, 1]
[0, 1, 0, 0, 0, 0, 0, 0, 0, 0, 0, 0, 0, 0, 1]
[1, 0, 0, 1, 0, 0, 0, 0, 0, 1, 0, 1, 0, 1, 0]
Academic license - for non-commercial use only
Changed value of parameter timeLimit to 3600.0
   Prev: 1e+100  Min: 0.0  Max: 1e+100  Default: 1e+100
Optimize a model with 4065 rows, 675 columns and 6315 nonzeros
Variable types: 0 continuous, 675 integer (675 binary)
Coefficient statistics:
  Matrix range     [1e+00, 1e+00]
  Objective range  [1e+00, 1e+00]
  Bounds range     [1e+00, 1e+00]
  RHS range        [1e+00, 5e+00]
Found heuristic solution: objective 41
Presolve removed 3165 rows and 15 columns
Presolve time: 0.01s
Presolved: 900 rows, 660 columns, 3135 nonzeros
Variable types: 0 continuous, 660 integer (660 binary)

Root relaxation: objective -1.600000e+00, 2118 iterations, 0.11 seconds

    Nodes    |    Current Node    |     Objective Bounds      |     Work
 Expl Unexpl |  Obj  Depth IntInf | Incumbent    BestBd   Gap | It/Node Time

     0     0   -1.60000    0  450   41.00000   -1.60000   104%     -    0s
H    0     0                      31.0000000   -1.60000   105%     -    0s
H    0     0                      30.0000000   -1.60000   105%     -    0s
H    0     0                      26.0000000   -1.60000   106%     -    0s
     0     0    8.37500    0  350   26.00000    8.37500  67.8%     -    0s
     0     0    8.37500    0  340   26.00000    8.37500  67.8%     -    0s
H    0     0                      24.0000000    8.37500  65.1%     -    0s
     0     0   10.00000    0  316   24.00000   10.00000  58.3%     -    0s
     0     0   10.00000    0  328   24.00000   10.00000  58.3%     -    0s
     0     0   10.00000    0  229   24.00000   10.00000  58.3%     -    0s
     0     2   10.00000    0  156   24.00000   10.00000  58.3%     -    0s
H  353   322                      22.0000000   10.00000  54.5%   122    1s
H  828   713                      21.0000000   10.00000  52.4%   126    2s
H 1065   885                      20.0000000   10.00000  50.0%   119    4s
  1070   889   12.59843   29  240   20.00000   10.00000  50.0%   118    5s
H 1077   848                      19.0000000   10.00000  47.4%   117    6s
H 1156   859                      18.0000000   10.00000  44.4%   147    9s
  1286   947   10.44000   42  221   18.00000   10.00000  44.4%   152   10s
H 1865  1158                      17.0000000   10.00000  41.2%   139   11s
  2225  1316   15.35776   52  150   17.00000   10.00000  41.2%   134   15s
H 3307  1618                      16.0000000   10.00000  37.5%   125   18s
  3918  2091   10.16667   22  201   16.00000   10.00000  37.5%   124   20s
  5050  2893   11.39012   40  177   16.00000   10.00000  37.5%   123   25s
  6840  4157   11.70183   58  292   16.00000   10.00000  37.5%   126   30s
  8503  5347   10.00000   31  243   16.00000   10.00000  37.5%   127   35s
  9343  5880   11.44055   54  277   16.00000   10.00000  37.5%   127   40s
 11951  7629   10.00000   45  285   16.00000   10.00000  37.5%   127   48s
 12568  7980   14.98322   66  198   16.00000   10.00000  37.5%   129   50s
 14661  9394   11.76476   39  309   16.00000   10.00000  37.5%   130   55s
 15527 10035   10.83656   40  239   16.00000   10.00000  37.5%   131   60s
 16186 10495   13.10375   52  260   16.00000   10.00000  37.5%   132   65s
 17471 11378   10.88622   57  225   16.00000   10.00000  37.5%   133   70s
 18660 12191   14.38558   63  213   16.00000   10.00000  37.5%   134   77s
 19252 12539   11.24990   48  264   16.00000   10.00000  37.5%   135   80s
 20831 13600   14.59722   39  229   16.00000   10.00000  37.5%   136   86s
 20840 13606   14.05580   70  163   16.00000   10.00000  37.5%   136   90s
 20850 13613   11.10492   36  186   16.00000   10.00000  37.5%   136   95s
 20859 13624   10.00000   30  209   16.00000   10.00000  37.5%   137  100s
 21106 13770   10.02593   50  268   16.00000   10.00000  37.5%   138  105s
 21486 13949   13.57951   79  204   16.00000   10.00000  37.5%   138  110s
 22412 14373   11.00000   52  216   16.00000   10.00000  37.5%   137  116s
 24182 15101   10.23297   63  214   16.00000   10.00000  37.5%   137  120s
 25841 15812   13.20527   67  224   16.00000   10.00000  37.5%   136  125s
 28129 16700   13.79547   53  230   16.00000   10.00000  37.5%   136  130s
 29674 17313   11.21190   52  250   16.00000   10.00000  37.5%   137  135s
 32028 18246   11.04540   66  267   16.00000   10.00000  37.5%   137  144s
 32572 18478   10.22889   45  282   16.00000   10.00000  37.5%   137  145s
 35137 19405   13.16934   75  257   16.00000   10.00000  37.5%   138  150s
 36660 19957   11.97271   53  277   16.00000   10.00000  37.5%   139  156s
 38327 20616   12.52804   62  222   16.00000   10.00000  37.5%   139  160s
 39007 20867   10.06196   47  288   16.00000   10.00000  37.5%   139  165s
 41676 21850   11.35164   47  284   16.00000   10.00000  37.5%   140  170s
 43132 22437   10.17292   51  284   16.00000   10.00000  37.5%   141  175s
 43824 22737   10.20317   46  323   16.00000   10.00000  37.5%   141  180s
 46532 23804   14.07023   71  226   16.00000   10.00000  37.5%   142  186s
 47721 24284   11.27011   57  267   16.00000   10.00000  37.5%   142  190s
 49620 25017     cutoff   61        16.00000   10.00000  37.5%   143  195s
 51534 25724   10.20423   53  265   16.00000   10.00000  37.5%   143  201s
 53229 26375   10.61538   53  238   16.00000   10.00000  37.5%   143  205s
 55133 27096   11.57712   58  260   16.00000   10.00000  37.5%   143  212s
 56400 27539   10.16667   43  273   16.00000   10.00000  37.5%   143  215s
 58082 28175   10.94261   62  293   16.00000   10.00000  37.5%   144  220s
 59846 28792   11.10100   45  243   16.00000   10.00000  37.5%   144  225s
 61105 29208     cutoff   67        16.00000   10.00000  37.5%   144  230s
 63089 30346   11.45833   50  249   16.00000   10.00000  37.5%   145  236s
 64828 31524   11.52515   49  278   16.00000   10.00000  37.5%   146  241s
 65851 32159   11.64375   59  254   16.00000   10.00000  37.5%   146  245s
 66950 32896   11.55298   67  282   16.00000   10.00000  37.5%   147  250s
 68464 33960   10.08708   57  299   16.00000   10.00000  37.5%   148  255s
 70228 35185   14.45888   77  228   16.00000   10.00000  37.5%   148  262s
 71447 36024   12.54598   64  263   16.00000   10.00000  37.5%   149  266s
 73188 37293   11.23571   63  273   16.00000   10.00000  37.5%   149  273s
 73770 37677   11.66667   57  274   16.00000   10.00000  37.5%   149  275s
 74724 38321   11.89886   59  259   16.00000   10.00000  37.5%   149  281s
 75627 38882     cutoff   79        16.00000   10.00000  37.5%   149  285s
 77116 39915   14.87704   59  201   16.00000   10.00000  37.5%   150  291s
 78515 40860   13.67468   72  250   16.00000   10.00000  37.5%   151  295s
 79692 41640     cutoff   69        16.00000   10.00244  37.5%   151  301s
H80543 36345                      15.0000000   10.00721  33.3%   152  304s
 80707 36428   10.40671   51  313   15.00000   10.00796  33.3%   152  305s
 82270 37329   11.30303   53  266   15.00000   10.01650  33.2%   152  310s
 84162 38367   12.48041   60  244   15.00000   10.02650  33.2%   153  316s
 84591 38624   11.94563   56  261   15.00000   10.02750  33.1%   153  321s
 86159 39468   10.69974   59  301   15.00000   10.03705  33.1%   154  326s
 87896 40400   11.25407   61  292   15.00000   10.04724  33.0%   155  330s
 89585 41401   10.24917   50  321   15.00000   10.05217  33.0%   155  335s
 91133 42359   11.32308   57  266   15.00000   10.05600  33.0%   156  340s
 93265 43568   13.32979   58  225   15.00000   10.06250  32.9%   157  345s
 94932 44457   10.42519   53  296   15.00000   10.06740  32.9%   158  350s
 96654 45438   11.20847   55  283   15.00000   10.07143  32.9%   158  355s
 98480 46448     cutoff   72        15.00000   10.07896  32.8%   159  361s
 100123 47337   11.28895   59  314   15.00000   10.08333  32.8%   160  365s
 101636 48171   13.02843   66  270   15.00000   10.09018  32.7%   161  370s
 103135 48995   10.61150   57  336   15.00000   10.09524  32.7%   161  375s
 105124 50130   10.40213   51  309   15.00000   10.10240  32.7%   162  381s
 106599 50979   11.39075   57  297   15.00000   10.11047  32.6%   163  385s
 108247 51840   13.56244   59  286   15.00000   10.11643  32.6%   163  390s
 109869 52686   12.46802   69  320   15.00000   10.12500  32.5%   164  395s
 111433 53598   12.42180   66  299   15.00000   10.12714  32.5%   165  400s
 113161 54479   11.80890   52  272   15.00000   10.13365  32.4%   165  405s
 114769 55279   10.69713   59  338   15.00000   10.14006  32.4%   165  410s
 116456 56172   13.30157   50  264   15.00000   10.14394  32.4%   166  415s
 118028 56936   12.07274   55  282   15.00000   10.14926  32.3%   166  420s
 120083 57981   12.13327   52  294   15.00000   10.15753  32.3%   167  426s
 121635 58773   12.89279   58  264   15.00000   10.16322  32.2%   168  430s
 122854 59415   12.66818   59  254   15.00000   10.16667  32.2%   168  435s
 124706 60468   13.56639   62  272   15.00000   10.16667  32.2%   169  440s
 126212 61241   13.67491   55  262   15.00000   10.17408  32.2%   169  445s
 127698 62003   12.03731   51  285   15.00000   10.17786  32.1%   170  450s
 129290 62754   12.42857   47  257   15.00000   10.18415  32.1%   170  455s
 130829 63494   11.19168   53  315   15.00000   10.18983  32.1%   171  460s
 132381 64223   11.01470   52  287   15.00000   10.19660  32.0%   171  465s
 134026 64945   10.53755   45  299   15.00000   10.20000  32.0%   172  471s
 135270 65679   10.98643   53  346   15.00000   10.20000  32.0%   172  475s
 136858 66364   12.26610   48  269   15.00000   10.20738  32.0%   173  480s
 138475 67056     cutoff   59        15.00000   10.21429  31.9%   173  485s
 140084 67748   13.71649   46  256   15.00000   10.22098  31.9%   174  490s
 141787 68621   13.96338   60  204   15.00000   10.22429  31.8%   174  496s
 142841 69129   13.16235   62  293   15.00000   10.22788  31.8%   174  500s
 144502 69912   10.93469   54  279   15.00000   10.23423  31.8%   175  505s
 146191 70605     cutoff   60        15.00000   10.24051  31.7%   175  510s
 147668 71380   13.86535   50  251   15.00000   10.24788  31.7%   176  515s
 148981 71992   11.09040   61  334   15.00000   10.25000  31.7%   176  520s
 150385 72743   13.99482   61  277   15.00000   10.25000  31.7%   177  525s
 152127 73607   12.53266   53  290   15.00000   10.25000  31.7%   177  531s
 153420 74209   11.56279   54  293   15.00000   10.25335  31.6%   177  535s
 155024 74933   10.89971   55  282   15.00000   10.25960  31.6%   178  540s
 156649 75648   13.16071   49  272   15.00000   10.26382  31.6%   178  546s
 157941 76217   11.63818   69  320   15.00000   10.26779  31.5%   178  550s
 159444 76891   11.64832   51  286   15.00000   10.27509  31.5%   179  555s
 160668 77459   11.19411   61  311   15.00000   10.27932  31.5%   179  560s
 162201 78151   11.96112   63  293   15.00000   10.28472  31.4%   179  565s
 163952 78844   13.00500   71  294   15.00000   10.28886  31.4%   180  571s
 165287 79500   10.77898   43  286   15.00000   10.29225  31.4%   180  575s
 166794 80225   12.52238   64  344   15.00000   10.29649  31.4%   180  580s
 168327 80922   13.01906   58  292   15.00000   10.30052  31.3%   181  586s
 169621 81497   13.49241   69  274   15.00000   10.30523  31.3%   181  590s
 171169 82262   12.28644   65  324   15.00000   10.31050  31.3%   181  595s
 172688 82941     cutoff   74        15.00000   10.31640  31.2%   181  600s
 173909 83474   11.45279   56  277   15.00000   10.32114  31.2%   182  605s
 175629 84200   12.58459   68  273   15.00000   10.32895  31.1%   182  610s
 176686 84632   13.01060   46  296   15.00000   10.33310  31.1%   182  615s
 178069 85277   13.44676   62  286   15.00000   10.33333  31.1%   183  620s
 179718 86047   11.76763   53  276   15.00000   10.33333  31.1%   183  626s
 181068 86555   10.61709   56  327   15.00000   10.33734  31.1%   183  630s
 182534 87239     cutoff   57        15.00000   10.34273  31.0%   183  636s
 183686 87769   13.15349   62  268   15.00000   10.34893  31.0%   184  640s
 185414 88559   13.19272   49  266   15.00000   10.35535  31.0%   184  646s
 186566 89037   13.47497   64  299   15.00000   10.36000  30.9%   184  650s
 188271 89660   10.71689   51  349   15.00000   10.36672  30.9%   184  656s
 189491 90181   13.98819   76  274   15.00000   10.37013  30.9%   185  660s
 191073 90876     cutoff   53        15.00000   10.37500  30.8%   185  666s
 192458 91498   13.47533   70  318   15.00000   10.37588  30.8%   185  670s
 193742 91988   13.01951   66  318   15.00000   10.38125  30.8%   185  675s
 195149 92667   12.95240   66  268   15.00000   10.38567  30.8%   186  680s
 196413 93119   12.78013   54  299   15.00000   10.38938  30.7%   186  685s
 197960 93765   12.51483   58  289   15.00000   10.39421  30.7%   186  690s
 199177 94262   12.96300   52  266   15.00000   10.40000  30.7%   186  695s
 200733 94952   13.11128   65  288   15.00000   10.40226  30.7%   187  700s
 201978 95392     cutoff   64        15.00000   10.40713  30.6%   187  705s
 203567 96031     cutoff   65        15.00000   10.41243  30.6%   187  710s
 204700 96543   10.92370   47  301   15.00000   10.41667  30.6%   187  715s
 206533 97391   11.16460   50  310   15.00000   10.41933  30.5%   188  721s
 207645 97883   13.01072   65  295   15.00000   10.42343  30.5%   188  725s
 208938 98359   12.89583   41  196   15.00000   10.42757  30.5%   188  730s
 210608 99056   13.98476   52  298   15.00000   10.43137  30.5%   188  736s
 211890 99586   13.61003   57  276   15.00000   10.43521  30.4%   188  740s
 213468 100268   13.00569   68  295   15.00000   10.43981  30.4%   189  745s
 214769 100771   11.12018   60  304   15.00000   10.44328  30.4%   189  750s
 216352 101396   12.40233   63  251   15.00000   10.44789  30.3%   189  756s
 217559 101994   12.69425   65  303   15.00000   10.45210  30.3%   189  760s
 219246 102689     cutoff   50        15.00000   10.45705  30.3%   189  766s
 220544 103228     cutoff   59        15.00000   10.46011  30.3%   190  770s
 222141 103863   11.77314   64  311   15.00000   10.46528  30.2%   190  776s
 223291 104386   13.82675   66  289   15.00000   10.46750  30.2%   190  780s
 225029 105072   12.30714   57  336   15.00000   10.47425  30.2%   190  786s
 226313 105606   13.08507   52  292   15.00000   10.47785  30.1%   190  790s
 227819 106236   13.11729   54  266   15.00000   10.48230  30.1%   191  796s
 229135 106770     cutoff   51        15.00000   10.48662  30.1%   191  800s
 229894 107120     cutoff   58        15.00000   10.48946  30.1%   191  809s
 229955 107114   13.62484   57  273   15.00000   10.48960  30.1%   191  810s
 231451 107725   13.53599   62  293   15.00000   10.49461  30.0%   191  816s
 232851 108297   11.62362   56  338   15.00000   10.49900  30.0%   191  821s
 234166 108904   11.91597   63  207   15.00000   10.50000  30.0%   191  826s
 235641 109660   12.27083   54  257   15.00000   10.50000  30.0%   191  831s
 237046 110306   11.16643   50  289   15.00000   10.50000  30.0%   192  836s
 238496 111024     cutoff   69        15.00000   10.50000  30.0%   192  841s
 239817 111701   12.16241   52  284   15.00000   10.50000  30.0%   192  846s
 241163 112400   13.18438   67  264   15.00000   10.50000  30.0%   192  851s
 242605 113217     cutoff   66        15.00000   10.50000  30.0%   192  856s
 243886 113924   12.66265   51  254   15.00000   10.50000  30.0%   193  861s
 245150 114593   12.47655   62  321   15.00000   10.50102  30.0%   193  866s
 246380 115123   12.79864   50  253   15.00000   10.50442  30.0%   193  870s
 247668 115614   13.26760   59  249   15.00000   10.50731  30.0%   193  875s
 249386 116346   11.30043   52  297   15.00000   10.51118  29.9%   193  881s
 250660 116881   11.91501   52  276   15.00000   10.51389  29.9%   193  885s
 252373 117665   12.66938   61  256   15.00000   10.51806  29.9%   194  891s
 253523 118120   12.93759   55  281   15.00000   10.52099  29.9%   194  895s
 254749 118602   12.24461   53  296   15.00000   10.52388  29.8%   194  900s
 256013 119043   12.15920   64  269   15.00000   10.52748  29.8%   194  905s
 257650 119792   11.75275   63  326   15.00000   10.53156  29.8%   194  910s
 258889 120290   12.69656   44  284   15.00000   10.53333  29.8%   194  915s
 260635 120840   13.77608   65  268   15.00000   10.53775  29.7%   194  921s
 261985 121328     cutoff   63        15.00000   10.54097  29.7%   194  925s
 263218 121846     cutoff   66        15.00000   10.54331  29.7%   195  930s
 264439 122290   13.22852   59  292   15.00000   10.54699  29.7%   195  935s
 266002 122971   11.04965   45  272   15.00000   10.55109  29.7%   195  941s
 267287 123475   13.04409   54  294   15.00000   10.55403  29.6%   195  945s
 268948 124161   10.82286   47  295   15.00000   10.55833  29.6%   195  951s
 270157 124591   13.64107   57  266   15.00000   10.56096  29.6%   195  955s
 271404 125071   12.90239   50  220   15.00000   10.56397  29.6%   195  960s
 273032 125697     cutoff   54        15.00000   10.56818  29.5%   195  966s
 274275 126243     cutoff   70        15.00000   10.57063  29.5%   196  970s
 275533 126746   11.77265   62  335   15.00000   10.57407  29.5%   196  975s
 277218 127477   12.62866   61  209   15.00000   10.57811  29.5%   196  981s
 278470 128007   11.55726   62  325   15.00000   10.58115  29.5%   196  985s
 279732 128565   11.55981   58  292   15.00000   10.58333  29.4%   196  990s
 280960 129011   12.66203   51  297   15.00000   10.58570  29.4%   196  995s
 282668 129642   12.65832   48  280   15.00000   10.58965  29.4%   196 1001s
 283878 130113   11.90351   61  315   15.00000   10.59237  29.4%   196 1005s
 285611 130699   13.42094   54  300   15.00000   10.59752  29.3%   196 1011s
 286899 131233     cutoff   65        15.00000   10.60000  29.3%   196 1016s
 288221 131790   12.53308   64  328   15.00000   10.60000  29.3%   197 1020s
 289449 132222   12.32999   59  325   15.00000   10.60244  29.3%   197 1025s
 291180 132896   12.37051   66  315   15.00000   10.60691  29.3%   197 1030s
 292450 133364   12.95779   63  267   15.00000   10.61046  29.3%   197 1035s
 294062 134048   13.02188   46  239   15.00000   10.61339  29.2%   197 1041s
 295349 134497   13.13919   52  316   15.00000   10.61653  29.2%   197 1045s
 296648 134953   13.16728   53  299   15.00000   10.61885  29.2%   197 1050s
 297793 135420   13.68444   57  283   15.00000   10.62085  29.2%   197 1055s
 299396 136121   12.72387   53  288   15.00000   10.62340  29.2%   197 1061s
 300736 136687   13.07609   55  282   15.00000   10.62500  29.2%   198 1065s
 302081 137150   11.76359   60  321   15.00000   10.62796  29.1%   198 1070s
 303236 137609   12.52578   64  310   15.00000   10.63035  29.1%   198 1075s
 304928 138246   11.55510   61  326   15.00000   10.63410  29.1%   198 1081s
 306168 138722   13.47825   53  259   15.00000   10.63615  29.1%   198 1085s
 307339 139139     cutoff   64        15.00000   10.63913  29.1%   198 1090s
 309104 139868   11.42874   50  297   15.00000   10.64285  29.0%   198 1096s
 310315 140318   12.62223   60  283   15.00000   10.64502  29.0%   198 1101s
 311526 140741   11.73353   62  268   15.00000   10.64806  29.0%   198 1105s
 312842 141214     cutoff   67        15.00000   10.65076  29.0%   198 1110s
 314575 141822   12.16582   53  285   15.00000   10.65492  29.0%   198 1116s
 315792 142285   11.72629   54  325   15.00000   10.65743  29.0%   199 1120s
 317088 142743   12.57091   49  313   15.00000   10.65988  28.9%   199 1125s
 318775 143415   13.56418   65  280   15.00000   10.66429  28.9%   199 1131s
 320069 143881     cutoff   53        15.00000   10.66667  28.9%   199 1136s
 321380 144334   12.80276   61  272   15.00000   10.66667  28.9%   199 1141s
 322627 144862   12.28142   66  305   15.00000   10.66667  28.9%   199 1146s
 323875 145331   11.16982   56  315   15.00000   10.66909  28.9%   199 1150s
 325112 145808   12.81591   55  262   15.00000   10.67234  28.9%   199 1155s
 326715 146398   13.92583   69  309   15.00000   10.67601  28.8%   199 1161s
 327936 146924   11.70207   54  305   15.00000   10.67845  28.8%   199 1166s
 329175 147389   12.83039   57  282   15.00000   10.68158  28.8%   199 1170s
 330477 147855   12.42401   53  299   15.00000   10.68371  28.8%   200 1175s
 332169 148456     cutoff   64        15.00000   10.68760  28.7%   200 1181s
 333521 148968   12.74346   56  262   15.00000   10.69102  28.7%   200 1185s
 334795 149441   11.04852   51  315   15.00000   10.69315  28.7%   200 1190s
 335983 149820   13.83802   72  311   15.00000   10.69542  28.7%   200 1195s
 337517 150467   11.66667   52  269   15.00000   10.69797  28.7%   200 1201s
 338643 150953   12.69980   63  309   15.00000   10.70000  28.7%   200 1206s
 339932 151424   12.45274   60  334   15.00000   10.70255  28.6%   200 1211s
 341149 151871   11.71714   53  285   15.00000   10.70516  28.6%   200 1215s
 342404 152319   12.26483   56  314   15.00000   10.70830  28.6%   200 1220s
 343642 152776   12.31990   66  325   15.00000   10.71019  28.6%   200 1225s
 345259 153362     cutoff   73        15.00000   10.71348  28.6%   201 1231s
 346624 153809   13.49790   48  281   15.00000   10.71582  28.6%   201 1236s
 347907 154284   13.64799   58  275   15.00000   10.71743  28.6%   201 1241s
 349182 154761   12.13670   60  335   15.00000   10.71997  28.5%   201 1245s
 350455 155201   12.11149   52  294   15.00000   10.72222  28.5%   201 1250s
 351689 155700   13.12897   44  272   15.00000   10.72367  28.5%   201 1255s
 352950 156163     cutoff   68        15.00000   10.72615  28.5%   201 1260s
 354177 156566   13.73427   63  251   15.00000   10.72851  28.5%   201 1265s
 355824 157187   12.81907   59  276   15.00000   10.73157  28.5%   201 1271s
 357150 157657   13.13963   55  230   15.00000   10.73400  28.4%   201 1276s
 358474 158138   12.94730   66  317   15.00000   10.73682  28.4%   201 1281s
 359754 158590   13.50216   62  273   15.00000   10.73940  28.4%   201 1285s
 360910 159013   13.31494   74  269   15.00000   10.74154  28.4%   202 1290s
 362171 159510     cutoff   67        15.00000   10.74444  28.4%   202 1295s
 363358 159913   13.71872   61  264   15.00000   10.74723  28.4%   202 1300s
 364689 160405   13.36570   56  312   15.00000   10.75000  28.3%   202 1305s
 366124 160971   13.04733   52  281   15.00000   10.75000  28.3%   202 1310s
 367450 161519   11.48097   47  291   15.00000   10.75091  28.3%   202 1315s
 368722 161975     cutoff   68        15.00000   10.75297  28.3%   202 1320s
 370018 162428   11.98127   52  286   15.00000   10.75556  28.3%   202 1325s
 371229 162876   12.99250   48  231   15.00000   10.75793  28.3%   202 1330s
 372487 163352   11.18521   43  289   15.00000   10.76035  28.3%   202 1335s
 373823 163800   11.34956   60  318   15.00000   10.76214  28.3%   202 1340s
 375437 164328   13.06061   47  296   15.00000   10.76607  28.2%   202 1346s
 376739 164797   12.33786   64  321   15.00000   10.76810  28.2%   203 1351s
 377990 165236   12.92713   63  319   15.00000   10.77069  28.2%   203 1355s
 379303 165661     cutoff   63        15.00000   10.77383  28.2%   203 1360s
 380568 166135   13.69531   65  295   15.00000   10.77561  28.2%   203 1365s
 381913 166613   12.98404   55  244   15.00000   10.77778  28.1%   203 1370s
 383096 167025   12.44695   57  294   15.00000   10.77998  28.1%   203 1375s
 384380 167432   12.41382   61  285   15.00000   10.78241  28.1%   203 1380s
 385730 167887   13.68155   42  276   15.00000   10.78545  28.1%   203 1385s
 387294 168506   12.54190   61  283   15.00000   10.78884  28.1%   203 1391s
 388432 168961   12.85181   53  298   15.00000   10.79167  28.1%   203 1396s
 389775 169478   12.89549   65  292   15.00000   10.79366  28.0%   203 1400s
 391068 169937 infeasible   55        15.00000   10.79651  28.0%   203 1405s
 392341 170402   13.51283   71  238   15.00000   10.79869  28.0%   203 1410s
 393609 170900   13.53660   68  326   15.00000   10.80086  28.0%   203 1415s
 395265 171476   11.51868   52  327   15.00000   10.80455  28.0%   204 1421s
 396517 171910   12.84308   63  300   15.00000   10.80658  28.0%   204 1426s
 397786 172336     cutoff   61        15.00000   10.80909  27.9%   204 1431s
 399015 172761   13.18681   67  300   15.00000   10.81135  27.9%   204 1435s
 400273 173226   13.76177   66  267   15.00000   10.81363  27.9%   204 1440s
 401449 173638     cutoff   68        15.00000   10.81585  27.9%   204 1445s
 402642 174066   11.47796   61  338   15.00000   10.81795  27.9%   204 1450s
 403905 174518     cutoff   59        15.00000   10.82060  27.9%   204 1455s
 405233 174965   12.66926   67  323   15.00000   10.82307  27.8%   204 1460s
 406466 175384   13.19586   58  275   15.00000   10.82529  27.8%   204 1468s
 406895 175530   11.01297   52  277   15.00000   10.82644  27.8%   204 1471s
 407797 175869   13.42932   61  299   15.00000   10.82799  27.8%   204 1475s
 409057 176288   14.00000   46  201   15.00000   10.83098  27.8%   204 1480s
 410366 176710   12.74078   51  296   15.00000   10.83333  27.8%   205 1485s
 411777 177245   13.24704   63  231   15.00000   10.83333  27.8%   205 1490s
 413059 177681     cutoff   70        15.00000   10.83542  27.8%   205 1495s
 414361 178125   13.00928   57  286   15.00000   10.83826  27.7%   205 1500s
 415608 178586     cutoff   72        15.00000   10.84082  27.7%   205 1505s
 416906 179013   11.97705   60  272   15.00000   10.84315  27.7%   205 1510s
 418157 179463     cutoff   66        15.00000   10.84548  27.7%   205 1515s
 419466 179864     cutoff   65        15.00000   10.84832  27.7%   205 1520s
 420696 180279     cutoff   67        15.00000   10.85023  27.7%   205 1525s
 421902 180705   12.73212   46  257   15.00000   10.85326  27.6%   205 1530s
 423142 181162     cutoff   61        15.00000   10.85551  27.6%   205 1535s
 424369 181624   12.37811   48  291   15.00000   10.85790  27.6%   205 1540s
 425714 182125     cutoff   67        15.00000   10.86026  27.6%   205 1545s
 426978 182560   13.83366   58  280   15.00000   10.86286  27.6%   205 1550s
 428244 182985     cutoff   66        15.00000   10.86593  27.6%   205 1555s
 429645 183482   12.16667   50  239   15.00000   10.86667  27.6%   206 1560s
 430828 183944   13.08707   66  329   15.00000   10.86835  27.5%   206 1565s
 432114 184411     cutoff   60        15.00000   10.87094  27.5%   206 1571s
 433419 184821   11.57857   59  283   15.00000   10.87377  27.5%   206 1575s
 434660 185230   13.24414   58  233   15.00000   10.87522  27.5%   206 1581s
 435928 185685     cutoff   61        15.00000   10.87778  27.5%   206 1586s
 437338 186098   12.81032   66  327   15.00000   10.87995  27.5%   206 1591s
 438062 186310   12.77836   56  312   15.00000   10.88099  27.5%   206 1595s
 439364 186783   13.20683   61  296   15.00000   10.88292  27.4%   206 1600s
 440642 187261   13.07834   62  271   15.00000   10.88535  27.4%   206 1605s
 441787 187630   13.71161   70  335   15.00000   10.88759  27.4%   206 1610s
 443066 188101   13.35715   58  258   15.00000   10.88905  27.4%   206 1616s
 444315 188488   13.03993   50  292   15.00000   10.89193  27.4%   206 1621s
 445640 188912     cutoff   45        15.00000   10.89404  27.4%   206 1626s
 446924 189278   11.83253   51  281   15.00000   10.89698  27.4%   206 1631s
 448094 189665   13.45307   59  308   15.00000   10.89929  27.3%   207 1636s
 448960 189949   11.91596   48  314   15.00000   10.90000  27.3%   207 1640s
 450183 190370   13.30610   58  312   15.00000   10.90255  27.3%   207 1645s
 451451 190751   12.73062   58  324   15.00000   10.90490  27.3%   207 1650s
 452813 191222     cutoff   65        15.00000   10.90781  27.3%   207 1655s
 454042 191655   13.83355   69  310   15.00000   10.90994  27.3%   207 1660s
 455322 192087   13.04585   59  275   15.00000   10.91272  27.2%   207 1666s
 456664 192475   11.94418   56  307   15.00000   10.91567  27.2%   207 1671s
 458078 192957   13.16157   51  304   15.00000   10.91668  27.2%   207 1676s
 459304 193317   13.18420   66  332   15.00000   10.91936  27.2%   207 1681s
 460614 193661   13.58435   62  249   15.00000   10.92152  27.2%   207 1686s
 461509 193910     cutoff   62        15.00000   10.92349  27.2%   207 1690s
 462807 194341   13.94385   54  270   15.00000   10.92602  27.2%   207 1695s
 464017 194736   12.55864   48  288   15.00000   10.92840  27.1%   207 1700s
 465242 195139   12.57302   51  294   15.00000   10.93102  27.1%   207 1705s
 466254 195408   11.77691   60  279   15.00000   10.93283  27.1%   207 1710s
 467574 195835   13.50835   59  215   15.00000   10.93557  27.1%   207 1715s
 468900 196277   11.25091   56  339   15.00000   10.93758  27.1%   207 1721s
 470251 196668     cutoff   56        15.00000   10.93971  27.1%   208 1726s
 471534 197088   13.65086   62  290   15.00000   10.94186  27.1%   208 1731s
 472847 197518     cutoff   59        15.00000   10.94413  27.0%   208 1736s
 474153 197922   12.97778   58  249   15.00000   10.94617  27.0%   208 1741s
 474979 198244   13.66771   68  337   15.00000   10.94768  27.0%   208 1745s
 476245 198658   12.73506   62  292   15.00000   10.94974  27.0%   208 1750s
 477531 199022   12.96470   68  302   15.00000   10.95153  27.0%   208 1755s
 478788 199328   12.37322   63  349   15.00000   10.95366  27.0%   208 1760s
 480062 199758   12.77412   74  282   15.00000   10.95621  27.0%   208 1765s
 480509 199897   13.88824   59  254   15.00000   10.95689  27.0%   208 1773s
 480816 199989   11.82214   58  330   15.00000   10.95752  26.9%   208 1775s
 482026 200368   13.18900   61  288   15.00000   10.95957  26.9%   208 1780s
 483346 200836   13.00929   49  277   15.00000   10.96226  26.9%   208 1786s
 484660 201254   13.89185   64  316   15.00000   10.96429  26.9%   208 1791s
 486075 201713   11.48282   49  328   15.00000   10.96667  26.9%   208 1797s
 486953 201972   13.99274   58  250   15.00000   10.96821  26.9%   208 1800s
 488249 202366     cutoff   70        15.00000   10.96995  26.9%   208 1805s
 489521 202717   12.08232   63  342   15.00000   10.97237  26.9%   208 1811s
 490732 203134   13.14637   58  334   15.00000   10.97437  26.8%   208 1816s
 491601 203396   13.25171   56  270   15.00000   10.97617  26.8%   208 1820s
 492873 203760     cutoff   69        15.00000   10.97832  26.8%   209 1825s
 494208 204150   13.67523   54  279   15.00000   10.98130  26.8%   209 1830s
 495511 204572   13.49265   67  310   15.00000   10.98358  26.8%   209 1835s
 496855 205020     cutoff   69        15.00000   10.98598  26.8%   209 1841s
 498172 205421   12.56096   54  335   15.00000   10.98848  26.7%   209 1846s
 498987 205718   13.51362   58  266   15.00000   10.99001  26.7%   209 1850s
 500228 206089   13.85501   65  277   15.00000   10.99211  26.7%   209 1855s
 501448 206479   12.40633   53  283   15.00000   10.99471  26.7%   209 1860s
 502784 206894   12.33798   60  272   15.00000   10.99688  26.7%   209 1865s
 504072 207278   13.40260   51  300   15.00000   11.00000  26.7%   209 1871s
 504781 207514   12.33998   46  331   15.00000   11.00000  26.7%   209 1875s
 506014 207943   11.95023   48  256   15.00000   11.00000  26.7%   209 1881s
 506793 208283     cutoff   57        15.00000   11.00000  26.7%   209 1885s
 508165 208850   11.03756   44  296   15.00000   11.00000  26.7%   209 1891s
 508960 209193   13.55097   65  245   15.00000   11.00000  26.7%   210 1896s
 509891 209542   11.44386   52  298   15.00000   11.00000  26.7%   210 1900s
 511315 210151   12.35017   55  293   15.00000   11.00000  26.7%   210 1906s
 512164 210510   13.62956   70  319   15.00000   11.00000  26.7%   210 1911s
 513164 210891   13.76367   54  296   15.00000   11.00000  26.7%   210 1915s
 514564 211414   11.94181   60  306   15.00000   11.00000  26.7%   210 1921s
 515226 211741   12.81774   41  213   15.00000   11.00000  26.7%   210 1927s
 516156 212091   11.12272   45  329   15.00000   11.00000  26.7%   210 1931s
 517097 212376   13.80074   62  242   15.00000   11.00053  26.7%   211 1935s
 518562 212856   12.46176   59  340   15.00000   11.00333  26.6%   211 1941s
 519458 213125   13.12150   69  332   15.00000   11.00526  26.6%   211 1945s
 520886 213603   13.52837   63  337   15.00000   11.00790  26.6%   211 1951s
 521456 213818   11.94660   60  327   15.00000   11.00858  26.6%   211 1955s
 522900 214300   13.00270   62  328   15.00000   11.01115  26.6%   211 1960s
 524294 214705   12.95020   53  260   15.00000   11.01369  26.6%   211 1966s
 525137 214976   13.38109   68  313   15.00000   11.01560  26.6%   211 1970s
 526527 215363   12.14512   48  275   15.00000   11.01778  26.5%   211 1975s
 527366 215627   12.11560   54  297   15.00000   11.01917  26.5%   211 1981s
 528570 216051   12.77758   55  313   15.00000   11.02107  26.5%   211 1986s
 529535 216313   13.21455   55  267   15.00000   11.02280  26.5%   211 1990s
 530880 216698     cutoff   60        15.00000   11.02493  26.5%   211 1996s
 531878 216980     cutoff   70        15.00000   11.02632  26.5%   211 2000s
 533305 217410     cutoff   44        15.00000   11.02840  26.5%   211 2005s
 534621 217874     cutoff   68        15.00000   11.03000  26.5%   211 2011s
 535458 218116   12.52121   60  299   15.00000   11.03130  26.5%   211 2015s
 536802 218522   13.69295   52  281   15.00000   11.03333  26.4%   211 2020s
 538272 218970   12.80069   60  300   15.00000   11.03505  26.4%   211 2026s
 539470 219336     cutoff   60        15.00000   11.03709  26.4%   211 2031s
 540378 219612   12.53211   61  349   15.00000   11.03847  26.4%   211 2035s
 541664 219971   13.08852   53  334   15.00000   11.04053  26.4%   211 2040s
 543078 220396   11.96245   50  298   15.00000   11.04236  26.4%   212 2046s
 544353 220815   13.53172   57  325   15.00000   11.04471  26.4%   212 2051s
 545254 221098   13.31613   48  310   15.00000   11.04630  26.4%   212 2055s
 546310 221386   13.31375   59  300   15.00000   11.04860  26.3%   212 2061s
 547185 221627   12.94792   60  274   15.00000   11.04971  26.3%   212 2065s
 548604 222135   13.14846   58  249   15.00000   11.05145  26.3%   212 2070s
 549891 222486   13.04941   55  312   15.00000   11.05347  26.3%   212 2075s
 551227 222893   12.50571   46  258   15.00000   11.05535  26.3%   212 2081s
 552080 223150   13.62236   61  294   15.00000   11.05617  26.3%   212 2085s
 553419 223526   13.12022   55  262   15.00000   11.05826  26.3%   212 2090s
 554712 223942   13.48331   54  323   15.00000   11.06009  26.3%   212 2096s
 555603 224217     cutoff   72        15.00000   11.06111  26.3%   212 2100s
 557017 224668     cutoff   63        15.00000   11.06320  26.2%   212 2106s
 557793 224874   13.11558   68  320   15.00000   11.06394  26.2%   212 2110s
 559242 225304   13.79639   64  310   15.00000   11.06608  26.2%   212 2115s
 560548 225641   11.72017   58  317   15.00000   11.06809  26.2%   212 2121s
 561773 226059     cutoff   64        15.00000   11.06982  26.2%   212 2126s
 562686 226353   12.56171   55  284   15.00000   11.07116  26.2%   212 2130s
 564037 226733   13.87480   58  314   15.00000   11.07305  26.2%   212 2135s
 565376 227110   12.21760   55  302   15.00000   11.07491  26.2%   212 2141s
 566763 227455   12.98989   61  278   15.00000   11.07680  26.2%   212 2146s
 567574 227665   12.82183   68  315   15.00000   11.07857  26.1%   212 2150s
 568916 228034   12.81074   66  323   15.00000   11.08086  26.1%   212 2155s
 570266 228413   13.96129   72  281   15.00000   11.08333  26.1%   212 2161s
 571177 228754     cutoff   72        15.00000   11.08333  26.1%   212 2165s
 572506 229138   11.73191   62  343   15.00000   11.08503  26.1%   212 2170s
 573512 229399   13.13910   57  238   15.00000   11.08677  26.1%   213 2176s
 574331 229669   13.13554   59  285   15.00000   11.08774  26.1%   213 2180s
 575736 230071   11.56397   40  300   15.00000   11.08935  26.1%   213 2185s
 577074 230456   12.34883   47  316   15.00000   11.09100  26.1%   213 2191s
 578354 230772   13.88318   57  293   15.00000   11.09365  26.0%   213 2196s
 579162 231000   11.79844   63  331   15.00000   11.09487  26.0%   213 2200s
 580391 231409   13.42637   61  300   15.00000   11.09622  26.0%   213 2205s
 581736 231782   13.67852   55  303   15.00000   11.09830  26.0%   213 2211s
 582548 232054   11.98302   50  306   15.00000   11.09968  26.0%   213 2215s
 583863 232444   13.23884   56  298   15.00000   11.10155  26.0%   213 2220s
 585122 232847     cutoff   75        15.00000   11.10309  26.0%   213 2226s
 586073 233104   12.14733   65  331   15.00000   11.10437  26.0%   213 2230s
 587441 233527   11.96153   49  303   15.00000   11.10623  26.0%   213 2236s
 588806 233898   13.93913   47  229   15.00000   11.10857  25.9%   213 2241s
 589754 234157   12.20435   61  351   15.00000   11.11014  25.9%   213 2245s
 590978 234569   13.70967   64  258   15.00000   11.11121  25.9%   213 2251s
 591905 234820   12.92090   55  298   15.00000   11.11264  25.9%   213 2255s
 593224 235187   12.61581   60  319   15.00000   11.11519  25.9%   213 2260s
 594621 235618   12.73306   55  325   15.00000   11.11667  25.9%   213 2266s
 595345 235799     cutoff   54        15.00000   11.11824  25.9%   213 2270s
 596703 236230   11.94555   45  304   15.00000   11.12015  25.9%   213 2275s
 598022 236666     cutoff   65        15.00000   11.12170  25.9%   213 2281s
 598676 236878   13.94676   57  274   15.00000   11.12256  25.8%   213 2285s
 600001 237264     cutoff   53        15.00000   11.12435  25.8%   214 2291s
 600983 237570     cutoff   73        15.00000   11.12500  25.8%   214 2295s
 602068 237893   11.67866   56  281   15.00000   11.12669  25.8%   214 2301s
 603405 238259     cutoff   66        15.00000   11.12879  25.8%   214 2306s
 604304 238522   13.41939   65  333   15.00000   11.12990  25.8%   214 2310s
 605723 238907   12.05178   64  288   15.00000   11.13196  25.8%   214 2316s
 606545 239171     cutoff   69        15.00000   11.13333  25.8%   214 2320s
 607950 239616   12.42316   51  301   15.00000   11.13514  25.8%   214 2325s
 609341 239974   12.99945   66  321   15.00000   11.13737  25.8%   214 2331s
 610196 240203   11.25436   48  307   15.00000   11.13860  25.7%   214 2335s
 611526 240609   12.11728   55  302   15.00000   11.14028  25.7%   214 2340s
 612842 240936   13.96052   66  283   15.00000   11.14200  25.7%   214 2346s
 613352 241071   13.27081   63  271   15.00000   11.14286  25.7%   214 2350s
 614544 241441     cutoff   65        15.00000   11.14424  25.7%   214 2356s
 615475 241706   13.68425   54  308   15.00000   11.14542  25.7%   214 2360s
 616937 242046   13.47417   63  270   15.00000   11.14730  25.7%   214 2365s
 618221 242339   12.84507   58  337   15.00000   11.14887  25.7%   214 2371s
 619198 242554   12.37693   61  335   15.00000   11.15027  25.7%   214 2375s
 620532 242967   13.55008   69  284   15.00000   11.15215  25.7%   214 2381s
 621473 243214     cutoff   55        15.00000   11.15305  25.6%   214 2385s
 622820 243606   12.27356   62  333   15.00000   11.15485  25.6%   214 2390s
 624157 244017   13.99549   72  310   15.00000   11.15675  25.6%   214 2396s
 625443 244355   13.17042   52  345   15.00000   11.15889  25.6%   214 2401s
 626266 244578     cutoff   70        15.00000   11.16013  25.6%   214 2405s
 627644 244979   12.33334   57  285   15.00000   11.16208  25.6%   214 2411s
 629031 245417   13.83428   70  250   15.00000   11.16387  25.6%   214 2416s
 629908 245688   13.81000   67  285   15.00000   11.16455  25.6%   214 2420s
 631222 246074   11.70993   57  328   15.00000   11.16667  25.6%   214 2426s
 632205 246445     cutoff   65        15.00000   11.16667  25.6%   214 2430s
 633569 246924   13.81131   66  316   15.00000   11.16698  25.6%   214 2436s
 634438 247130   12.01201   49  289   15.00000   11.16847  25.5%   215 2440s
 635801 247481   13.38109   56  259   15.00000   11.17057  25.5%   215 2445s
 637071 247798     cutoff   59        15.00000   11.17257  25.5%   215 2451s
 637700 247924   12.51352   59  286   15.00000   11.17353  25.5%   215 2455s
 639063 248352   12.80364   58  304   15.00000   11.17553  25.5%   215 2461s
 639894 248581   13.01902   45  276   15.00000   11.17701  25.5%   215 2465s
 641374 248936   11.74948   58  278   15.00000   11.17919  25.5%   215 2471s
 642760 249285   13.35185   57  251   15.00000   11.18099  25.5%   215 2476s
 643592 249507     cutoff   65        15.00000   11.18247  25.5%   215 2480s
 644915 249881   12.54972   54  285   15.00000   11.18396  25.4%   215 2486s
 645817 250127   12.76950   58  280   15.00000   11.18532  25.4%   215 2490s
 647150 250543   12.54133   45  295   15.00000   11.18726  25.4%   215 2495s
 648499 250905   13.18227   52  273   15.00000   11.18912  25.4%   215 2501s
 649513 251155   11.65687   49  314   15.00000   11.19102  25.4%   215 2505s
 650872 251565   13.65504   53  287   15.00000   11.19277  25.4%   215 2511s
 652277 251983   13.80117   54  287   15.00000   11.19488  25.4%   215 2516s
 653125 252171     cutoff   47        15.00000   11.19596  25.4%   215 2520s
 654217 252442   13.81395   55  235   15.00000   11.19785  25.3%   215 2526s
 655087 252672     cutoff   68        15.00000   11.19927  25.3%   215 2530s
 656523 253073   13.93399   51  237   15.00000   11.20029  25.3%   215 2536s
 657334 253322   11.92958   55  328   15.00000   11.20143  25.3%   215 2540s
 658724 253740   12.40761   56  293   15.00000   11.20296  25.3%   215 2545s
 660007 254061   13.09713   61  306   15.00000   11.20489  25.3%   215 2551s
 660954 254362   13.90314   59  290   15.00000   11.20643  25.3%   215 2555s
 661287 254469   12.05290   61  308   15.00000   11.20689  25.3%   215 2561s
 661881 254597   12.30287   62  341   15.00000   11.20776  25.3%   215 2565s
 663330 254957   12.40084   56  310   15.00000   11.20931  25.3%   215 2571s
 664284 255243     cutoff   51        15.00000   11.21067  25.3%   215 2575s
 665678 255612   13.49736   57  298   15.00000   11.21242  25.3%   215 2581s
 666536 255845   12.64887   56  310   15.00000   11.21385  25.2%   215 2585s
 667821 256226   11.78253   59  335   15.00000   11.21531  25.2%   215 2590s
 669235 256642   13.61770   72  304   15.00000   11.21732  25.2%   215 2596s
 669926 256822   12.89177   54  249   15.00000   11.21795  25.2%   215 2601s
 670835 257072   12.16746   57  328   15.00000   11.21929  25.2%   215 2605s
 672194 257475     cutoff   53        15.00000   11.22105  25.2%   216 2610s
 673528 257824   13.45481   60  302   15.00000   11.22274  25.2%   216 2616s
 674394 258019   12.68533   51  235   15.00000   11.22422  25.2%   216 2620s
 675789 258388   13.64444   67  254   15.00000   11.22606  25.2%   216 2626s
 676687 258677     cutoff   54        15.00000   11.22708  25.2%   216 2630s
 678064 259002   13.93721   70  313   15.00000   11.22915  25.1%   216 2636s
 679449 259348   13.30016   63  318   15.00000   11.23135  25.1%   216 2641s
 680342 259615   13.61134   43  230   15.00000   11.23282  25.1%   216 2645s
 681686 259950   13.41171   62  249   15.00000   11.23445  25.1%   216 2651s
 682576 260183   11.80416   63  339   15.00000   11.23592  25.1%   216 2655s
 684009 260577   12.22957   50  307   15.00000   11.23744  25.1%   216 2660s
 685452 260965   13.36584   57  279   15.00000   11.23928  25.1%   216 2666s
 686287 261175   12.92677   68  333   15.00000   11.24028  25.1%   216 2670s
 687662 261516     cutoff   63        15.00000   11.24213  25.1%   216 2676s
 688325 261657   12.97768   56  322   15.00000   11.24288  25.0%   216 2680s
 689638 262029   13.14300   61  316   15.00000   11.24483  25.0%   216 2686s
 690522 262294   13.12248   58  287   15.00000   11.24600  25.0%   216 2690s
 691854 262622   13.52232   71  308   15.00000   11.24813  25.0%   216 2696s
 692744 262869   12.26241   62  339   15.00000   11.24959  25.0%   216 2700s
 694172 263331   11.26157   61  273   15.00000   11.25000  25.0%   216 2706s
 695261 263622   11.68581   52  299   15.00000   11.25000  25.0%   216 2710s
 696721 264059   13.20265   66  332   15.00000   11.25090  25.0%   216 2716s
 697605 264271     cutoff   62        15.00000   11.25208  25.0%   216 2720s
 699045 264647   11.72761   43  295   15.00000   11.25364  25.0%   216 2726s
 699923 264930   12.40717   63  335   15.00000   11.25456  25.0%   216 2731s
 700937 265189   12.39199   65  347   15.00000   11.25608  25.0%   216 2736s
 701827 265437     cutoff   55        15.00000   11.25740  25.0%   216 2740s
 703201 265773   13.73669   58  292   15.00000   11.25933  24.9%   216 2746s
 704205 266017   13.26940   52  285   15.00000   11.26089  24.9%   216 2750s
 705479 266392   12.74374   62  312   15.00000   11.26231  24.9%   216 2756s
 706437 266601     cutoff   56        15.00000   11.26363  24.9%   216 2760s
 707900 266953     cutoff   58        15.00000   11.26517  24.9%   216 2765s
 709253 267302     cutoff   64        15.00000   11.26667  24.9%   216 2771s
 710130 267557   12.71711   65  341   15.00000   11.26784  24.9%   216 2775s
 711430 267885   13.15039   59  273   15.00000   11.26945  24.9%   216 2781s
 712320 268136   13.90891   63  324   15.00000   11.27043  24.9%   217 2785s
 713664 268457   12.95832   58  324   15.00000   11.27247  24.9%   217 2791s
 714863 268763   12.49749   64  277   15.00000   11.27488  24.8%   217 2796s
 715717 268941   13.90684   59  313   15.00000   11.27614  24.8%   217 2800s
 716863 269180     cutoff   57        15.00000   11.27783  24.8%   217 2806s
 717778 269409   13.30793   59  245   15.00000   11.27898  24.8%   217 2810s
 719170 269708   13.63832   55  263   15.00000   11.28040  24.8%   217 2816s
 720069 269929   11.57187   45  301   15.00000   11.28160  24.8%   217 2820s
 721396 270219   13.29542   54  249   15.00000   11.28350  24.8%   217 2826s
 722225 270459   13.87615   66  285   15.00000   11.28445  24.8%   217 2830s
 723692 270801   12.65810   57  306   15.00000   11.28603  24.8%   217 2836s
 724574 271031     cutoff   58        15.00000   11.28742  24.8%   217 2840s
 725869 271304   13.00842   62  288   15.00000   11.28920  24.7%   217 2846s
 726400 271453   12.73653   55  262   15.00000   11.28981  24.7%   217 2850s
 727592 271721   12.66652   62  298   15.00000   11.29147  24.7%   217 2856s
 728533 271980   13.86660   53  226   15.00000   11.29212  24.7%   217 2860s
 729915 272306   13.27507   51  259   15.00000   11.29444  24.7%   217 2866s
 730869 272520   12.48095   52  285   15.00000   11.29566  24.7%   217 2870s
 732203 272834     cutoff   66        15.00000   11.29774  24.7%   217 2876s
 733031 273012     cutoff   67        15.00000   11.29897  24.7%   217 2880s
 734452 273329   12.50853   47  295   15.00000   11.30044  24.7%   217 2886s
 735309 273556   13.60367   65  274   15.00000   11.30157  24.7%   218 2890s
 736716 273922   13.39163   59  299   15.00000   11.30324  24.6%   218 2896s
 737586 274169   11.87985   51  305   15.00000   11.30446  24.6%   218 2900s
 738830 274419     cutoff   65        15.00000   11.30655  24.6%   218 2906s
 739761 274681     cutoff   70        15.00000   11.30788  24.6%   218 2910s
 741125 275019   13.61552   63  273   15.00000   11.31000  24.6%   218 2916s
 742110 275192   13.40282   65  298   15.00000   11.31152  24.6%   218 2920s
 743358 275454   13.35050   51  296   15.00000   11.31293  24.6%   218 2927s
 744242 275643   13.34443   59  268   15.00000   11.31464  24.6%   218 2931s
 745200 275835     cutoff   65        15.00000   11.31572  24.6%   218 2935s
 746661 276146   13.72667   66  304   15.00000   11.31744  24.6%   218 2941s
 747579 276360     cutoff   62        15.00000   11.31827  24.5%   218 2946s
 748462 276612     cutoff   54        15.00000   11.31972  24.5%   218 2950s
 749106 276704   13.68328   59  306   15.00000   11.32040  24.5%   218 2955s
 750546 276990   12.76381   56  313   15.00000   11.32240  24.5%   218 2961s
 751485 277185     cutoff   66        15.00000   11.32351  24.5%   218 2965s
 752887 277475   11.85624   52  293   15.00000   11.32526  24.5%   218 2971s
 753802 277700   13.37547   69  287   15.00000   11.32655  24.5%   218 2975s
 755134 277961   13.32785   64  304   15.00000   11.32892  24.5%   218 2981s
 756098 278175   12.74585   55  299   15.00000   11.33006  24.5%   218 2985s
 757482 278445   13.05883   62  294   15.00000   11.33186  24.5%   218 2991s
 758421 278618   12.74794   53  287   15.00000   11.33314  24.4%   218 2995s
 759243 278832   13.18315   65  313   15.00000   11.33333  24.4%   219 3000s
 760696 279189   13.85215   65  255   15.00000   11.33344  24.4%   219 3006s
 761673 279433   13.25093   61  304   15.00000   11.33437  24.4%   219 3010s
 762605 279699   13.52649   65  329   15.00000   11.33558  24.4%   219 3015s
 764025 280026     cutoff   47        15.00000   11.33729  24.4%   219 3021s
 764685 280150   13.19263   44  285   15.00000   11.33804  24.4%   219 3025s
 766165 280463   12.50382   49  274   15.00000   11.33970  24.4%   219 3032s
 767132 280666   13.89237   57  296   15.00000   11.34110  24.4%   219 3036s
 768097 280899   13.03733   64  284   15.00000   11.34224  24.4%   219 3040s
 769429 281183     cutoff   70        15.00000   11.34422  24.4%   219 3046s
 770385 281408   12.57771   66  283   15.00000   11.34528  24.4%   219 3050s
 771767 281720   13.38551   65  276   15.00000   11.34696  24.4%   219 3057s
 772779 281975   13.24779   65  292   15.00000   11.34803  24.3%   219 3061s
 773666 282186     cutoff   51        15.00000   11.34906  24.3%   219 3065s
 775058 282475   12.42623   54  327   15.00000   11.35095  24.3%   219 3071s
 776017 282693     cutoff   46        15.00000   11.35241  24.3%   219 3075s
 777331 282989   13.41164   57  278   15.00000   11.35409  24.3%   219 3081s
 778208 283190   12.01453   52  274   15.00000   11.35501  24.3%   219 3085s
 779123 283404   12.67365   53  317   15.00000   11.35604  24.3%   219 3090s
 779638 283551   12.40509   64  299   15.00000   11.35656  24.3%   219 3095s
 780736 283753   12.75598   53  311   15.00000   11.35781  24.3%   219 3101s
 781699 283956   12.87993   49  323   15.00000   11.35936  24.3%   219 3105s
 783068 284238     cutoff   60        15.00000   11.36111  24.3%   219 3111s
 784033 284426     cutoff   64        15.00000   11.36232  24.3%   220 3115s
 785342 284680   13.96037   64  356   15.00000   11.36421  24.2%   220 3121s
 786279 284905   13.95250   52  281   15.00000   11.36535  24.2%   220 3126s
 787281 285115     cutoff   48        15.00000   11.36668  24.2%   220 3130s
 788692 285411   13.24890   50  300   15.00000   11.36862  24.2%   220 3136s
 789599 285639   12.79126   57  316   15.00000   11.36979  24.2%   220 3140s
 790999 285933     cutoff   76        15.00000   11.37164  24.2%   220 3146s
 791984 286173   13.56216   56  327   15.00000   11.37269  24.2%   220 3150s
 792888 286395   11.92712   50  303   15.00000   11.37391  24.2%   220 3155s
 794177 286741   11.55128   46  264   15.00000   11.37500  24.2%   220 3161s
 795104 286996   13.83699   60  302   15.00000   11.37583  24.2%   220 3165s
 796576 287298   13.55173   60  298   15.00000   11.37754  24.1%   220 3171s
 797479 287475   12.51803   73  307   15.00000   11.37883  24.1%   220 3175s
 798384 287625     cutoff   54        15.00000   11.38005  24.1%   220 3180s
 799708 287952   12.90323   64  347   15.00000   11.38158  24.1%   220 3186s
 800600 288181     cutoff   63        15.00000   11.38265  24.1%   220 3190s
 801110 288254   13.54248   58  283   15.00000   11.38334  24.1%   220 3195s
 802458 288546   13.59647   58  295   15.00000   11.38536  24.1%   220 3201s
 803334 288737     cutoff   79        15.00000   11.38640  24.1%   220 3205s
 804197 288917   13.09060   58  300   15.00000   11.38740  24.1%   220 3210s
 805633 289303   12.99093   52  323   15.00000   11.38918  24.1%   221 3216s
 806531 289486   13.83518   64  262   15.00000   11.39037  24.1%   221 3221s
 807520 289666   11.66892   50  299   15.00000   11.39155  24.1%   221 3225s
 808938 289974     cutoff   51        15.00000   11.39286  24.0%   221 3231s
 809862 290130   13.84174   72  271   15.00000   11.39433  24.0%   221 3236s
 810840 290296     cutoff   55        15.00000   11.39563  24.0%   221 3240s
 812325 290625     cutoff   61        15.00000   11.39757  24.0%   221 3246s
 813229 290799   13.87220   53  263   15.00000   11.39908  24.0%   221 3250s
 814203 291006     cutoff   56        15.00000   11.40000  24.0%   221 3255s
 815518 291264   13.34587   50  307   15.00000   11.40106  24.0%   221 3261s
 816472 291439     cutoff   64        15.00000   11.40203  24.0%   221 3266s
 817380 291645   12.12684   58  287   15.00000   11.40327  24.0%   221 3270s
 818797 291940   13.15378   64  295   15.00000   11.40513  24.0%   221 3276s
 819769 292163   12.68346   60  283   15.00000   11.40639  24.0%   221 3281s
 820712 292375   12.82940   60  320   15.00000   11.40763  23.9%   221 3285s
 822119 292654   12.87156   53  267   15.00000   11.40920  23.9%   221 3291s
 823110 292907   12.82518   47  273   15.00000   11.41033  23.9%   221 3295s
 824051 293135   12.89396   58  283   15.00000   11.41132  23.9%   221 3300s
 825178 293299     cutoff   58        15.00000   11.41274  23.9%   221 3306s
 826143 293514   12.36784   55  281   15.00000   11.41373  23.9%   221 3311s
 827183 293750   13.30510   57  271   15.00000   11.41482  23.9%   221 3315s
 828607 294084   13.83880   49  255   15.00000   11.41667  23.9%   221 3322s
 829485 294345     cutoff   59        15.00000   11.41688  23.9%   221 3326s
 830546 294546   12.11079   46  289   15.00000   11.41801  23.9%   221 3330s
 831901 294813   12.48455   68  310   15.00000   11.41967  23.9%   222 3336s
 832813 295009     cutoff   56        15.00000   11.42085  23.9%   222 3341s
 833783 295247   13.91594   58  301   15.00000   11.42219  23.9%   222 3345s
 835122 295569     cutoff   66        15.00000   11.42381  23.8%   222 3351s
 836050 295776     cutoff   63        15.00000   11.42516  23.8%   222 3355s
 837272 296013   13.03931   61  277   15.00000   11.42657  23.8%   222 3362s
 838200 296211     cutoff   53        15.00000   11.42745  23.8%   222 3366s
 839206 296441   12.63772   54  265   15.00000   11.42885  23.8%   222 3370s
 840667 296747   11.79810   49  266   15.00000   11.43090  23.8%   222 3376s
 841619 296933     cutoff   43        15.00000   11.43211  23.8%   222 3380s
 842493 297174     cutoff   61        15.00000   11.43325  23.8%   222 3385s
 843775 297514   13.88786   55  309   15.00000   11.43429  23.8%   222 3391s
 844713 297699     cutoff   61        15.00000   11.43548  23.8%   222 3395s
 846139 297994   13.40461   52  312   15.00000   11.43730  23.8%   222 3402s
 847130 298217   13.96211   56  313   15.00000   11.43852  23.7%   222 3406s
 847768 298330     cutoff   48        15.00000   11.43932  23.7%   222 3410s
 849073 298598   13.56816   70  275   15.00000   11.44097  23.7%   222 3417s
 850104 298794   12.70472   51  304   15.00000   11.44225  23.7%   222 3421s
 851162 299003     cutoff   65        15.00000   11.44326  23.7%   222 3425s
 852166 299277     cutoff   65        15.00000   11.44444  23.7%   222 3430s
 853593 299574   13.59588   58  282   15.00000   11.44634  23.7%   222 3436s
 854476 299742     cutoff   64        15.00000   11.44720  23.7%   222 3441s
 855444 299930     cutoff   53        15.00000   11.44829  23.7%   222 3445s
 856930 300280     cutoff   62        15.00000   11.45000  23.7%   222 3451s
 857826 300479     cutoff   62        15.00000   11.45133  23.7%   222 3455s
 859145 300763   13.26580   58  298   15.00000   11.45332  23.6%   222 3461s
 860044 300921   13.73047   60  331   15.00000   11.45422  23.6%   222 3466s
 861007 301101   12.87169   71  295   15.00000   11.45535  23.6%   223 3470s
 862399 301373   13.58771   57  321   15.00000   11.45714  23.6%   223 3476s
 863294 301524     cutoff   50        15.00000   11.45833  23.6%   223 3481s
 864340 301732   12.68257   56  275   15.00000   11.45951  23.6%   223 3485s
 865656 301988   13.73313   56  286   15.00000   11.46152  23.6%   223 3491s
 866596 302198   12.22665   49  342   15.00000   11.46287  23.6%   223 3497s
 867455 302367     cutoff   66        15.00000   11.46389  23.6%   223 3501s
 868495 302551   13.41012   56  281   15.00000   11.46540  23.6%   223 3505s
 869947 302757   13.26389   54  269   15.00000   11.46715  23.6%   223 3512s
 870767 302934   13.05320   63  279   15.00000   11.46808  23.5%   223 3516s
 871719 303125   13.36852   64  326   15.00000   11.46912  23.5%   223 3520s
 872733 303324   12.24884   52  288   15.00000   11.47015  23.5%   223 3525s
 874177 303573   12.30329   53  342   15.00000   11.47222  23.5%   223 3531s
 874642 303691   12.60350   61  312   15.00000   11.47293  23.5%   223 3537s
 875225 303769   12.07815   52  297   15.00000   11.47347  23.5%   223 3541s
 876182 303999   12.77279   62  331   15.00000   11.47449  23.5%   223 3546s
 877270 304220   12.95783   65  315   15.00000   11.47560  23.5%   223 3550s
 878226 304414   13.39132   61  287   15.00000   11.47667  23.5%   223 3555s
 879591 304696   12.58379   49  312   15.00000   11.47850  23.5%   223 3561s
 880543 304887   13.76075   61  310   15.00000   11.47980  23.5%   223 3565s
 881545 305081   12.03686   62  336   15.00000   11.48095  23.5%   223 3570s
 882496 305301   13.47734   56  258   15.00000   11.48203  23.5%   223 3575s
 883912 305585   12.79645   60  301   15.00000   11.48336  23.4%   223 3581s
 884787 305763   13.16785   44  284   15.00000   11.48456  23.4%   223 3585s
 886036 305970   12.27184   48  283   15.00000   11.48671  23.4%   223 3592s
 886950 306133   13.14952   60  247   15.00000   11.48795  23.4%   223 3596s
 887856 306303   13.92381   64  292   15.00000   11.48930  23.4%   223 3600s

Cutting planes:
  Gomory: 18
  Cover: 696
  Clique: 6
  Flow cover: 7
  Zero half: 67

Explored 888222 nodes (198375138 simplex iterations) in 3600.00 seconds
Thread count was 4 (of 4 available processors)

Solution count 10: 15 16 17 ... 26

Time limit reached
Best objective 1.500000000000e+01, best bound 1.200000000000e+01, gap 20.0000%
15.0
